0 0.500391 0.087500 0.999219 0.169444
0 0.498828 0.581944 0.996094 0.247222
3 0.076953 0.316667 0.150781 0.277778
3 0.095703 0.838194 0.189844 0.256944
3 0.266016 0.836806 0.147656 0.223611
3 0.375781 0.827083 0.062500 0.223611
3 0.494922 0.786806 0.164844 0.295833
3 0.627734 0.804167 0.096094 0.238889
3 0.717188 0.806250 0.082813 0.215278
3 0.875391 0.746528 0.232031 0.323611
3 0.211328 0.406944 0.117969 0.258333
3 0.412109 0.306250 0.280469 0.293056
3 0.646094 0.429167 0.092188 0.144444
3 0.676172 0.256250 0.186719 0.240278
3 0.762500 0.363194 0.118750 0.243056
3 0.891797 0.404861 0.128906 0.193056
3 0.977734 0.317361 0.041406 0.115278
