0 0.500391 0.910417 0.999219 0.176389
0 0.500000 0.386111 1.000000 0.269444
3 0.142969 0.160417 0.175000 0.173611
3 0.292969 0.191667 0.121875 0.244444
3 0.389062 0.279861 0.059375 0.118056
3 0.466797 0.155556 0.142969 0.186111
3 0.599219 0.157639 0.176563 0.181944
3 0.798047 0.159028 0.155469 0.187500
3 0.787891 0.271528 0.177344 0.245833
3 0.902344 0.115278 0.048437 0.072222
3 0.071875 0.692361 0.143750 0.301389
3 0.226562 0.693056 0.160938 0.252778
3 0.358594 0.725694 0.106250 0.248611
3 0.869922 0.675000 0.258594 0.286111
3 0.558203 0.645139 0.291406 0.248611
