3 0.378125 0.284028 0.075000 0.193056
3 0.919922 0.252083 0.160156 0.234722
3 0.627344 0.335417 0.195312 0.318056
3 0.796875 0.396528 0.120312 0.234722
3 0.491797 0.359028 0.144531 0.312500
3 0.410547 0.747917 0.146094 0.329167
3 0.505078 0.848611 0.103906 0.208333
3 0.172266 0.837500 0.335156 0.211111
3 0.274609 0.725000 0.132031 0.319444
3 0.069531 0.354861 0.139062 0.268056
3 0.180078 0.426389 0.067969 0.108333
3 0.278516 0.335417 0.108594 0.231944
3 0.180469 0.251389 0.251563 0.277778
3 0.780469 0.786111 0.439063 0.333333
0 0.505078 0.077083 0.989844 0.140278
0 0.500391 0.596528 0.991406 0.226389
