0 0.500781 0.934028 0.998438 0.129167
0 0.500781 0.438889 0.998438 0.255556
3 0.056641 0.718750 0.110156 0.295833
3 0.087891 0.245833 0.171094 0.222222
3 0.158984 0.830556 0.119531 0.180556
3 0.330859 0.261806 0.296094 0.254167
3 0.586719 0.192361 0.154687 0.143056
3 0.578516 0.335417 0.174219 0.262500
3 0.692187 0.179861 0.054688 0.084722
3 0.757422 0.193056 0.183594 0.150000
3 0.888672 0.202083 0.072656 0.145833
3 0.955859 0.214583 0.085156 0.198611
3 0.167187 0.658333 0.103125 0.152778
3 0.255859 0.685417 0.072656 0.293056
3 0.328906 0.664583 0.073437 0.190278
3 0.423828 0.656944 0.108594 0.172222
3 0.628516 0.688889 0.188281 0.211111
3 0.589063 0.846528 0.079687 0.170833
3 0.695703 0.805556 0.121094 0.280556
3 0.815234 0.855556 0.172656 0.241667
3 0.852734 0.672917 0.024219 0.034722
3 0.821875 0.700000 0.065625 0.063889
3 0.883203 0.651389 0.019531 0.033333
3 0.959766 0.600000 0.080469 0.138889
3 0.938672 0.732639 0.061719 0.115278
3 0.956641 0.861806 0.083594 0.270833
