0 0.502344 0.536806 0.995313 0.170833
3 0.132422 0.245833 0.044531 0.102778
3 0.060938 0.241667 0.121875 0.138889
3 0.243359 0.281250 0.167969 0.181944
3 0.386719 0.320139 0.110937 0.256944
3 0.505469 0.289583 0.123438 0.145833
3 0.667578 0.296528 0.067969 0.151389
3 0.760156 0.329861 0.112500 0.209722
3 0.907812 0.339583 0.178125 0.198611
3 0.870313 0.509028 0.085938 0.181944
3 0.067578 0.820833 0.127344 0.358333
3 0.231641 0.829861 0.147656 0.340278
3 0.408984 0.825694 0.189844 0.343056
3 0.626562 0.718056 0.129688 0.325000
3 0.735156 0.935417 0.118750 0.129167
3 0.895703 0.836111 0.197656 0.327778
3 0.745313 0.743750 0.103125 0.229167
