0 0.516797 0.059028 0.966406 0.118056
0 0.510547 0.565972 0.925781 0.187500
3 0.172266 0.297917 0.271094 0.345833
3 0.295703 0.163194 0.111719 0.237500
3 0.462500 0.331944 0.234375 0.269444
3 0.632031 0.230556 0.223438 0.200000
3 0.627734 0.397917 0.057031 0.106944
3 0.815234 0.284028 0.075781 0.206944
3 0.935938 0.365278 0.121875 0.308333
3 0.955469 0.860417 0.089062 0.209722
3 0.839844 0.750694 0.175000 0.312500
3 0.225000 0.850000 0.087500 0.225000
3 0.370313 0.837500 0.140625 0.161111
3 0.536328 0.809028 0.194531 0.179167
3 0.682031 0.764583 0.132812 0.329167
