3 0.051953 0.770833 0.052344 0.100000
3 0.044922 0.659722 0.089844 0.205556
3 0.075000 0.530556 0.126563 0.236111
3 0.232031 0.718750 0.245312 0.287500
3 0.406250 0.633333 0.217187 0.263889
3 0.509375 0.725694 0.151562 0.215278
3 0.391797 0.788889 0.067969 0.097222
3 0.202344 0.279167 0.164062 0.163889
3 0.261328 0.215278 0.097656 0.100000
3 0.365625 0.279167 0.056250 0.088889
3 0.460938 0.240972 0.210938 0.165278
3 0.599219 0.225000 0.070312 0.130556
3 0.792969 0.228472 0.182812 0.168056
3 0.928906 0.278472 0.139062 0.273611
3 0.604297 0.669444 0.046094 0.177778
3 0.716406 0.762500 0.128125 0.297222
3 0.975781 0.747917 0.048437 0.345833
3 0.860156 0.731944 0.154687 0.372222
0 0.500391 0.930556 0.999219 0.136111
0 0.500391 0.393750 0.999219 0.198611
