0 0.500000 0.950694 1.000000 0.093056
0 0.500000 0.440278 1.000000 0.186111
3 0.134375 0.686111 0.268750 0.280556
3 0.361328 0.668056 0.180469 0.250000
3 0.326953 0.838194 0.092969 0.151389
3 0.107422 0.249306 0.214844 0.248611
3 0.318750 0.197917 0.157813 0.131944
3 0.263672 0.383333 0.086719 0.111111
3 0.265625 0.275694 0.082813 0.156944
3 0.348437 0.343750 0.078125 0.176389
3 0.484766 0.197917 0.203906 0.148611
3 0.616797 0.202778 0.057031 0.133333
3 0.698828 0.221528 0.107031 0.223611
3 0.783984 0.197222 0.060156 0.177778
3 0.871875 0.229861 0.112500 0.231944
3 0.964844 0.225694 0.070312 0.237500
3 0.924609 0.383333 0.108594 0.116667
3 0.437500 0.795139 0.131250 0.215278
3 0.544922 0.747222 0.182031 0.313889
3 0.919531 0.727083 0.160938 0.348611
3 0.728125 0.728472 0.184375 0.337500
