0 0.502734 0.523611 0.994531 0.225000
3 0.082422 0.771528 0.164844 0.270833
3 0.272656 0.751389 0.212500 0.283333
3 0.476172 0.757639 0.192969 0.234722
3 0.639844 0.775000 0.131250 0.175000
3 0.739062 0.654861 0.075000 0.148611
3 0.811328 0.595833 0.099219 0.180556
3 0.788672 0.798611 0.160156 0.105556
3 0.933984 0.686806 0.128906 0.301389
3 0.028516 0.295833 0.057031 0.208333
3 0.052734 0.411806 0.105469 0.223611
3 0.931250 0.223611 0.135937 0.369444
3 0.678516 0.419444 0.100781 0.272222
3 0.398047 0.336111 0.150781 0.238889
3 0.165625 0.243056 0.235938 0.355556
3 0.184375 0.464583 0.150000 0.079167
3 0.469531 0.275694 0.267188 0.445833
3 0.578906 0.136806 0.135937 0.265278
3 0.755859 0.227083 0.210156 0.368056
0 0.501172 0.085417 0.997656 0.165278
