0 0.500391 0.928472 0.999219 0.137500
0 0.501953 0.436806 0.996094 0.181944
3 0.108203 0.220139 0.216406 0.231944
3 0.030078 0.649306 0.027344 0.095833
3 0.177734 0.693056 0.352344 0.319444
3 0.404297 0.864583 0.097656 0.265278
3 0.894922 0.163194 0.107031 0.156944
3 0.493359 0.220139 0.492969 0.248611
3 0.761328 0.242361 0.160156 0.206944
3 0.895703 0.327778 0.041406 0.061111
3 0.458203 0.627778 0.203906 0.197222
3 0.534375 0.804861 0.156250 0.151389
3 0.827344 0.690278 0.267188 0.322222
3 0.628125 0.692361 0.132812 0.326389
3 0.885938 0.927083 0.109375 0.129167
