3 0.058203 0.288194 0.114844 0.154167
3 0.773438 0.355556 0.104687 0.166667
3 0.262891 0.355556 0.194531 0.250000
3 0.469531 0.355556 0.214062 0.222222
3 0.643359 0.410417 0.128906 0.176389
3 0.158984 0.663194 0.114844 0.201389
3 0.088672 0.897917 0.171094 0.201389
3 0.051562 0.721528 0.101562 0.151389
3 0.254297 0.933333 0.128906 0.130556
3 0.321094 0.789583 0.193750 0.276389
3 0.412109 0.938194 0.144531 0.123611
3 0.500000 0.813889 0.115625 0.213889
3 0.538281 0.962500 0.106250 0.072222
3 0.691016 0.836806 0.261719 0.326389
0 0.501172 0.577778 0.997656 0.216667
