0 0.500781 0.075000 0.998438 0.147222
0 0.502344 0.515278 0.995313 0.202778
3 0.085938 0.357639 0.164062 0.301389
3 0.175000 0.408333 0.170312 0.219444
3 0.104297 0.765278 0.205469 0.286111
3 0.243359 0.730556 0.069531 0.225000
3 0.320312 0.807639 0.128125 0.159722
3 0.397266 0.677778 0.227344 0.113889
3 0.449219 0.806250 0.125000 0.137500
3 0.621484 0.745833 0.213281 0.255556
3 0.795703 0.760417 0.130469 0.190278
3 0.935938 0.643056 0.126563 0.161111
3 0.931250 0.793750 0.137500 0.109722
3 0.336328 0.327083 0.142969 0.359722
3 0.739844 0.131944 0.129688 0.241667
3 0.557813 0.256250 0.225000 0.312500
3 0.714844 0.368056 0.107813 0.222222
3 0.828125 0.412500 0.106250 0.294444
3 0.903125 0.140278 0.190625 0.238889
3 0.939062 0.336806 0.114063 0.148611
