3 0.053906 0.182639 0.107813 0.156944
3 0.213281 0.181250 0.078125 0.170833
3 0.310547 0.186111 0.114844 0.180556
3 0.775000 0.168750 0.106250 0.168056
3 0.641016 0.218056 0.138281 0.158333
3 0.777734 0.328472 0.044531 0.073611
3 0.471875 0.184028 0.204688 0.184722
3 0.179297 0.568056 0.133594 0.250000
3 0.101953 0.738194 0.192969 0.429167
3 0.271484 0.875694 0.110156 0.223611
3 0.333594 0.343056 0.104687 0.130556
3 0.298047 0.602778 0.100781 0.216667
3 0.372266 0.736111 0.132031 0.269444
3 0.769141 0.650694 0.147656 0.362500
3 0.531641 0.711111 0.146094 0.344444
3 0.558203 0.974306 0.161719 0.048611
3 0.639063 0.704861 0.112500 0.476389
3 0.764063 0.914583 0.135937 0.168056
3 0.570703 0.327778 0.366406 0.088889
0 0.501172 0.395833 0.997656 0.258333
0 0.501172 0.920139 0.997656 0.156944
