0 0.499609 0.460417 0.997656 0.270833
3 0.119531 0.733333 0.239063 0.272222
3 0.273438 0.651389 0.067188 0.158333
3 0.351953 0.837500 0.221094 0.030556
3 0.607422 0.692361 0.444531 0.259722
3 0.512109 0.347917 0.088281 0.140278
3 0.058984 0.159722 0.116406 0.316667
3 0.146484 0.138194 0.047656 0.270833
3 0.223438 0.435417 0.092188 0.287500
3 0.233984 0.151389 0.075781 0.247222
3 0.298047 0.160417 0.057031 0.129167
3 0.341797 0.269444 0.132031 0.077778
3 0.357812 0.353472 0.115625 0.184722
3 0.590234 0.154167 0.386719 0.302778
