3 0.090625 0.221528 0.181250 0.137500
3 0.221875 0.249306 0.062500 0.123611
3 0.292969 0.286806 0.103125 0.226389
3 0.373828 0.256250 0.060156 0.179167
3 0.466406 0.322917 0.114063 0.279167
3 0.588281 0.282639 0.121875 0.151389
3 0.534766 0.584722 0.113281 0.233333
3 0.855469 0.351389 0.289062 0.252778
3 0.064844 0.825000 0.125000 0.350000
3 0.117188 0.858333 0.171875 0.163889
3 0.299219 0.827083 0.173438 0.343056
3 0.431250 0.741667 0.037500 0.100000
3 0.509375 0.880556 0.110937 0.219444
3 0.614453 0.888194 0.178906 0.218056
3 0.712109 0.696528 0.138281 0.276389
3 0.847266 0.736111 0.122656 0.183333
3 0.860156 0.922917 0.279687 0.151389
0 0.505859 0.543056 0.988281 0.177778
