3 0.078516 0.232639 0.153906 0.218056
3 0.249609 0.314583 0.163281 0.343056
3 0.081250 0.670139 0.160938 0.312500
3 0.284766 0.696528 0.177344 0.254167
3 0.364844 0.848611 0.129688 0.291667
3 0.467578 0.876389 0.186719 0.227778
3 0.430469 0.227083 0.193750 0.165278
3 0.557031 0.249306 0.062500 0.131944
3 0.646094 0.286806 0.100000 0.226389
3 0.726172 0.269444 0.057031 0.158333
3 0.878125 0.355556 0.243750 0.330556
3 0.660547 0.811111 0.188281 0.375000
3 0.878125 0.775694 0.242188 0.445833
0 0.501172 0.509028 0.997656 0.229167
