0 0.500000 0.370139 1.000000 0.256944
0 0.500391 0.916667 0.999219 0.166667
3 0.602344 0.170833 0.104687 0.175000
3 0.602734 0.329167 0.041406 0.072222
3 0.041406 0.166667 0.079687 0.141667
3 0.139453 0.165972 0.111719 0.140278
3 0.298828 0.161111 0.203906 0.144444
3 0.468359 0.220833 0.135156 0.175000
3 0.143359 0.667361 0.282031 0.326389
3 0.390625 0.664583 0.207813 0.326389
3 0.398438 0.811111 0.078125 0.150000
3 0.585938 0.665972 0.176563 0.323611
3 0.417188 0.944444 0.092188 0.102778
3 0.595703 0.913889 0.099219 0.155556
3 0.461719 0.867361 0.045313 0.056944
