0 0.500000 0.615972 1.000000 0.293056
3 0.567969 0.353472 0.104687 0.156944
3 0.432813 0.402778 0.134375 0.169444
3 0.569141 0.521528 0.049219 0.062500
3 0.116797 0.886111 0.216406 0.225000
3 0.333203 0.881250 0.210156 0.234722
3 0.532031 0.820833 0.189063 0.355556
3 0.270312 0.729167 0.060938 0.055556
3 0.328906 0.723611 0.053125 0.066667
3 0.396875 0.725000 0.078125 0.077778
3 0.026953 0.306250 0.046094 0.134722
3 0.102734 0.350694 0.107031 0.231944
3 0.262500 0.355556 0.204688 0.219444
3 0.074219 0.708333 0.148438 0.116667
