0 0.500391 0.922917 0.999219 0.151389
0 0.501172 0.397222 0.997656 0.191667
3 0.074609 0.265278 0.147656 0.158333
3 0.131250 0.203472 0.085938 0.112500
3 0.076172 0.636111 0.150781 0.275000
3 0.116016 0.809028 0.207031 0.065278
3 0.230078 0.630556 0.155469 0.272222
3 0.262109 0.787500 0.058594 0.111111
3 0.343359 0.582639 0.067969 0.143056
3 0.371094 0.745833 0.151562 0.191667
3 0.469922 0.666667 0.044531 0.186111
3 0.573047 0.770833 0.107031 0.288889
3 0.228516 0.266667 0.044531 0.080556
3 0.325000 0.231250 0.220313 0.159722
3 0.462500 0.187500 0.075000 0.083333
3 0.640625 0.232639 0.184375 0.181944
3 0.805859 0.278472 0.142969 0.273611
3 0.936719 0.219444 0.120312 0.169444
3 0.721094 0.721528 0.185937 0.351389
3 0.861328 0.786806 0.091406 0.256944
3 0.932422 0.686111 0.133594 0.319444
