0 0.500000 0.323611 1.000000 0.241667
0 0.500000 0.886111 1.000000 0.225000
3 0.068750 0.118056 0.137500 0.097222
3 0.254297 0.164583 0.157031 0.179167
3 0.038672 0.585417 0.075781 0.270833
3 0.100781 0.593056 0.048437 0.194444
3 0.199609 0.685417 0.139844 0.293056
3 0.922656 0.134028 0.154687 0.140278
3 0.911719 0.300000 0.170312 0.202778
3 0.421484 0.193056 0.141406 0.258333
3 0.493750 0.716667 0.148438 0.244444
3 0.343750 0.675000 0.148438 0.355556
3 0.916406 0.784028 0.082813 0.154167
3 0.935547 0.631944 0.128906 0.177778
3 0.523438 0.279861 0.060938 0.123611
3 0.726562 0.154861 0.176563 0.179167
3 0.657812 0.617361 0.343750 0.298611
