3 0.089844 0.852083 0.167187 0.234722
3 0.239063 0.835417 0.098438 0.184722
3 0.396875 0.783333 0.237500 0.236111
3 0.568359 0.729167 0.107031 0.322222
3 0.708594 0.748611 0.148438 0.344444
3 0.803906 0.857639 0.098438 0.209722
3 0.924609 0.815972 0.133594 0.279167
3 0.673437 0.270139 0.060938 0.168056
3 0.783203 0.366667 0.127344 0.269444
3 0.927344 0.316667 0.137500 0.294444
3 0.147656 0.152778 0.125000 0.227778
3 0.076172 0.322917 0.144531 0.251389
3 0.307422 0.355556 0.241406 0.222222
3 0.444141 0.213194 0.175781 0.223611
3 0.471484 0.394444 0.057031 0.091667
3 0.560547 0.370139 0.108594 0.220833
0 0.500391 0.059722 0.999219 0.119444
0 0.498828 0.597222 0.992969 0.247222
