0 0.525781 0.907639 0.948438 0.184722
0 0.522656 0.390278 0.954687 0.152778
3 0.142969 0.243750 0.207813 0.145833
3 0.435937 0.284722 0.159375 0.197222
3 0.308203 0.525694 0.121094 0.234722
3 0.118750 0.539583 0.139062 0.148611
3 0.163281 0.735417 0.165625 0.131944
3 0.228906 0.622917 0.120312 0.195833
3 0.284766 0.765278 0.053906 0.094444
3 0.942187 0.765972 0.112500 0.290278
3 0.827734 0.672222 0.069531 0.183333
3 0.726562 0.709028 0.104687 0.181944
3 0.464844 0.744444 0.248437 0.216667
3 0.637891 0.578472 0.233594 0.198611
3 0.592969 0.282639 0.045313 0.081944
3 0.699609 0.250000 0.217969 0.177778
3 0.960547 0.209028 0.078906 0.134722
