0 0.506250 0.597222 0.987500 0.163889
0 0.534766 0.050694 0.930469 0.101389
3 0.048047 0.150694 0.096094 0.218056
3 0.023828 0.379167 0.047656 0.200000
3 0.205469 0.804861 0.375000 0.165278
3 0.471094 0.717361 0.148438 0.290278
3 0.603906 0.768750 0.153125 0.284722
3 0.705078 0.854861 0.074219 0.206944
3 0.905469 0.899306 0.187500 0.079167
3 0.780078 0.816667 0.071094 0.266667
3 0.908984 0.756250 0.182031 0.151389
3 0.199609 0.365278 0.246094 0.222222
3 0.321484 0.239583 0.166406 0.243056
3 0.368750 0.409028 0.057813 0.101389
3 0.445703 0.297917 0.082031 0.356944
3 0.561719 0.293056 0.084375 0.230556
3 0.676953 0.363889 0.133594 0.286111
3 0.831641 0.307639 0.163281 0.318056
3 0.956641 0.383333 0.086719 0.263889
