3 0.046484 0.264583 0.091406 0.195833
3 0.131250 0.280556 0.057813 0.091667
3 0.200391 0.248611 0.158594 0.177778
3 0.311328 0.172222 0.058594 0.030556
3 0.545313 0.242361 0.184375 0.193056
3 0.699609 0.230556 0.144531 0.177778
3 0.952344 0.261806 0.092188 0.256944
3 0.837891 0.270139 0.132031 0.268056
3 0.064062 0.744444 0.128125 0.244444
3 0.116406 0.618056 0.159375 0.238889
3 0.170312 0.795139 0.068750 0.101389
3 0.244531 0.588889 0.092188 0.136111
3 0.256641 0.763194 0.092969 0.229167
3 0.362109 0.672222 0.066406 0.180556
3 0.475391 0.733333 0.149219 0.355556
3 0.953516 0.650000 0.086719 0.238889
3 0.873438 0.690972 0.076563 0.304167
3 0.638281 0.735417 0.168750 0.337500
3 0.778125 0.795139 0.110937 0.251389
0 0.500391 0.942361 0.999219 0.112500
0 0.500000 0.428472 1.000000 0.173611
