3 0.062500 0.363889 0.120312 0.250000
3 0.213672 0.576389 0.244531 0.263889
3 0.762500 0.153472 0.151562 0.198611
3 0.935547 0.188889 0.128906 0.225000
3 0.215234 0.127083 0.194531 0.187500
3 0.482422 0.147222 0.303906 0.197222
3 0.388672 0.547222 0.244531 0.347222
3 0.573438 0.570139 0.085938 0.220833
3 0.685547 0.668056 0.125781 0.277778
3 0.883984 0.670833 0.232031 0.355556
3 0.118359 0.968056 0.086719 0.061111
3 0.520312 0.928472 0.359375 0.140278
0 0.500000 0.840972 1.000000 0.315278
0 0.500000 0.302083 1.000000 0.343056
