3 0.503516 0.162500 0.105469 0.163889
3 0.267188 0.122917 0.073437 0.073611
3 0.371484 0.218056 0.136719 0.172222
3 0.506250 0.326389 0.040625 0.066667
3 0.047266 0.213194 0.091406 0.240278
3 0.163281 0.142361 0.135937 0.104167
3 0.218750 0.588194 0.059375 0.131944
3 0.275391 0.646528 0.055469 0.104167
3 0.029687 0.876389 0.059375 0.244444
3 0.085156 0.691667 0.170312 0.191667
3 0.144141 0.790278 0.102344 0.147222
3 0.298047 0.808333 0.074219 0.138889
3 0.200000 0.251389 0.204688 0.100000
3 0.148438 0.356250 0.081250 0.179167
3 0.076953 0.538194 0.150781 0.112500
3 0.224609 0.754167 0.063281 0.188889
3 0.310156 0.948611 0.071875 0.100000
3 0.239063 0.972222 0.067188 0.055556
3 0.335938 0.665972 0.064062 0.159722
3 0.381641 0.825000 0.091406 0.133333
3 0.322266 0.524306 0.146094 0.137500
3 0.500391 0.645139 0.141406 0.351389
3 0.428516 0.557639 0.072656 0.176389
3 0.395703 0.673611 0.060156 0.161111
3 0.499219 0.911806 0.104687 0.176389
0 0.481641 0.406250 0.960156 0.137500
0 0.500000 0.906944 1.000000 0.183333
