0 0.500000 0.572222 1.000000 0.188889
0 0.500000 0.085417 1.000000 0.168056
3 0.083203 0.788889 0.161719 0.388889
3 0.177734 0.866667 0.107031 0.205556
3 0.266406 0.817361 0.065625 0.281944
3 0.389453 0.916667 0.175781 0.075000
3 0.375781 0.747917 0.140625 0.156944
3 0.043750 0.286806 0.079687 0.184722
3 0.171094 0.368750 0.112500 0.318056
3 0.537500 0.824306 0.106250 0.234722
3 0.796484 0.804167 0.405469 0.263889
3 0.911719 0.320139 0.176563 0.312500
3 0.314844 0.325694 0.170312 0.293056
3 0.460156 0.398611 0.112500 0.263889
3 0.656250 0.320833 0.276563 0.261111
