0 0.264062 0.293056 0.525000 0.400000
0 0.320703 0.900000 0.636719 0.183333
0 0.623828 0.743750 0.186719 0.129167
0 0.864453 0.881250 0.271094 0.234722
0 0.626562 0.321528 0.192188 0.187500
0 0.866797 0.300694 0.257031 0.220833
3 0.685547 0.547917 0.211719 0.234722
3 0.767578 0.665972 0.046094 0.101389
3 0.908594 0.620139 0.176563 0.273611
3 0.790234 0.421528 0.124219 0.248611
3 0.574219 0.144444 0.103125 0.166667
3 0.657812 0.136806 0.145313 0.145833
3 0.964844 0.125694 0.068750 0.131944
3 0.917188 0.188889 0.156250 0.211111
