0 0.501953 0.493750 0.996094 0.179167
0 0.111719 0.931250 0.204688 0.134722
3 0.033984 0.238194 0.067969 0.206944
3 0.145313 0.268056 0.164062 0.252778
3 0.325781 0.234028 0.185937 0.181944
3 0.450781 0.254167 0.059375 0.144444
3 0.536719 0.285417 0.101562 0.229167
3 0.620313 0.266667 0.057813 0.158333
3 0.767187 0.295139 0.231250 0.204167
3 0.973437 0.308333 0.053125 0.175000
3 0.042578 0.760417 0.085156 0.162500
3 0.181641 0.727778 0.169531 0.225000
3 0.246094 0.843750 0.096875 0.287500
3 0.370703 0.915278 0.149219 0.169444
3 0.362109 0.724306 0.178906 0.206944
3 0.542969 0.814583 0.164062 0.368056
3 0.749609 0.799306 0.158594 0.384722
3 0.914062 0.778472 0.162500 0.440278
3 0.766406 0.504167 0.129688 0.180556
