0 0.500391 0.888194 0.999219 0.220833
0 0.500000 0.319444 1.000000 0.258333
3 0.052734 0.559722 0.100781 0.200000
3 0.239453 0.190278 0.180469 0.236111
3 0.474219 0.149306 0.237500 0.165278
3 0.790234 0.155556 0.157031 0.177778
3 0.937109 0.177083 0.122656 0.223611
3 0.871484 0.650000 0.213281 0.291667
3 0.067969 0.670139 0.048437 0.106944
3 0.095703 0.434028 0.119531 0.245833
3 0.247656 0.628472 0.250000 0.290278
3 0.425391 0.610417 0.250781 0.329167
3 0.623438 0.583333 0.067188 0.191667
3 0.734766 0.683333 0.116406 0.302778
3 0.524609 0.939583 0.367969 0.093056
