3 0.024219 0.152778 0.048437 0.191667
3 0.948828 0.168750 0.102344 0.220833
3 0.829687 0.128472 0.132812 0.151389
3 0.730859 0.113889 0.066406 0.102778
3 0.627734 0.129861 0.139844 0.140278
3 0.622656 0.266667 0.164062 0.255556
3 0.130078 0.172222 0.139844 0.227778
3 0.074609 0.657639 0.149219 0.356944
3 0.217578 0.711111 0.135156 0.269444
3 0.371094 0.629167 0.339063 0.308333
3 0.673047 0.613194 0.191406 0.259722
3 0.626953 0.784722 0.082031 0.158333
3 0.974609 0.674306 0.047656 0.379167
3 0.910937 0.601389 0.051562 0.058333
3 0.868359 0.654861 0.072656 0.087500
3 0.865625 0.769444 0.179688 0.194444
3 0.756250 0.741667 0.151562 0.272222
3 0.232031 0.251389 0.062500 0.133333
3 0.377344 0.190278 0.300000 0.261111
0 0.500391 0.906250 0.999219 0.184722
0 0.501172 0.390972 0.997656 0.165278
