0 0.500391 0.579167 0.999219 0.175000
3 0.053906 0.811806 0.106250 0.220833
3 0.208984 0.804861 0.174219 0.168056
3 0.619922 0.858333 0.122656 0.211111
3 0.351562 0.759722 0.157813 0.280556
3 0.513281 0.774306 0.156250 0.362500
3 0.935156 0.806250 0.126563 0.251389
3 0.802344 0.928472 0.153125 0.054167
3 0.708203 0.810417 0.049219 0.270833
3 0.124609 0.344444 0.233594 0.247222
3 0.238281 0.305556 0.143750 0.313889
3 0.371094 0.353472 0.071875 0.251389
3 0.492578 0.259028 0.036719 0.154167
3 0.592969 0.349306 0.131250 0.268056
3 0.975000 0.343056 0.045313 0.202778
3 0.890234 0.372917 0.147656 0.240278
3 0.734375 0.323611 0.165625 0.327778
0 0.503125 0.066667 0.993750 0.102778
