0 0.500391 0.949306 0.999219 0.098611
0 0.500000 0.323611 1.000000 0.388889
3 0.066016 0.673611 0.130469 0.302778
3 0.141406 0.647917 0.051562 0.148611
3 0.239063 0.765278 0.143750 0.305556
3 0.395703 0.745139 0.172656 0.368056
3 0.534375 0.759028 0.100000 0.306944
3 0.957812 0.742361 0.084375 0.434722
3 0.732422 0.703472 0.294531 0.306944
3 0.053906 0.245139 0.104687 0.184722
3 0.140234 0.233333 0.066406 0.155556
3 0.208594 0.259028 0.039062 0.054167
3 0.303125 0.240972 0.168750 0.179167
3 0.460547 0.265972 0.128906 0.254167
3 0.562109 0.354167 0.064844 0.136111
3 0.612109 0.211111 0.105469 0.138889
3 0.757812 0.266667 0.190625 0.261111
3 0.937109 0.329167 0.125781 0.236111
3 0.942578 0.194444 0.110156 0.122222
