3 0.187109 0.229167 0.178906 0.177778
3 0.023438 0.666667 0.046875 0.191667
3 0.125781 0.756944 0.131250 0.297222
3 0.339844 0.274306 0.121875 0.262500
3 0.941406 0.169444 0.067188 0.097222
3 0.837891 0.231944 0.139844 0.213889
3 0.827344 0.397917 0.167187 0.156944
3 0.648828 0.245833 0.186719 0.227778
3 0.482422 0.239583 0.142969 0.201389
3 0.524219 0.660417 0.190625 0.229167
3 0.681641 0.689583 0.144531 0.323611
3 0.278125 0.731944 0.165625 0.344444
3 0.416797 0.799306 0.110156 0.245833
3 0.884375 0.673611 0.187500 0.252778
3 0.950000 0.815278 0.100000 0.300000
3 0.843750 0.845833 0.071875 0.163889
0 0.500000 0.354861 1.000000 0.420833
0 0.501172 0.938194 0.997656 0.120833
