3 0.598437 0.159028 0.182812 0.187500
3 0.755469 0.187500 0.131250 0.241667
3 0.910937 0.196528 0.175000 0.273611
3 0.089062 0.638194 0.178125 0.262500
3 0.053125 0.192361 0.101562 0.231944
3 0.103125 0.129861 0.112500 0.118056
3 0.535156 0.677778 0.118750 0.277778
3 0.418359 0.595833 0.092969 0.197222
3 0.317969 0.640278 0.106250 0.202778
3 0.214844 0.523611 0.267188 0.238889
3 0.218750 0.703472 0.062500 0.109722
3 0.284766 0.974306 0.257031 0.048611
3 0.800391 0.644444 0.399219 0.336111
3 0.310156 0.178472 0.303125 0.218056
0 0.502344 0.884028 0.995313 0.229167
0 0.504297 0.313889 0.991406 0.261111
