3 0.516797 0.814583 0.121094 0.159722
3 0.015625 0.200694 0.029687 0.084722
3 0.029297 0.351389 0.058594 0.155556
3 0.110547 0.822222 0.046094 0.105556
3 0.201172 0.778472 0.091406 0.134722
3 0.319922 0.692361 0.141406 0.251389
3 0.347656 0.864583 0.075000 0.079167
3 0.195703 0.260417 0.161719 0.245833
3 0.823828 0.235417 0.349219 0.462500
3 0.146875 0.438194 0.079687 0.159722
3 0.252734 0.393750 0.110156 0.268056
3 0.372656 0.408333 0.168750 0.183333
3 0.523438 0.321528 0.123438 0.368056
3 0.610156 0.402083 0.054688 0.140278
3 0.869531 0.765972 0.260938 0.220833
3 0.659766 0.741667 0.158594 0.291667
3 0.464844 0.740278 0.148438 0.194444
3 0.049219 0.779861 0.096875 0.312500
0 0.501562 0.544444 0.996875 0.144444
0 0.500000 0.075694 1.000000 0.145833
