0 0.639844 0.779167 0.712500 0.313889
0 0.637500 0.246528 0.720312 0.334722
3 0.560547 0.369444 0.122656 0.263889
3 0.366406 0.357639 0.126563 0.156944
3 0.466406 0.501389 0.200000 0.252778
3 0.697266 0.581250 0.205469 0.306944
3 0.837500 0.554167 0.132812 0.341667
3 0.953906 0.559028 0.092188 0.270833
3 0.910156 0.115278 0.179688 0.152778
3 0.712891 0.140278 0.202344 0.225000
3 0.423828 0.061806 0.232031 0.104167
3 0.447656 0.959722 0.067188 0.077778
3 0.665234 0.954861 0.213281 0.087500
3 0.324609 0.916667 0.105469 0.163889
3 0.919531 0.924306 0.160938 0.148611
