3 0.081250 0.759028 0.162500 0.295833
3 0.247266 0.775694 0.163281 0.320833
3 0.350391 0.861111 0.113281 0.200000
3 0.683203 0.824306 0.169531 0.229167
3 0.498828 0.782639 0.197656 0.315278
3 0.884375 0.768750 0.229687 0.334722
3 0.206641 0.275694 0.092969 0.165278
3 0.114063 0.352778 0.090625 0.197222
3 0.073437 0.244444 0.143750 0.252778
3 0.334375 0.370139 0.131250 0.284722
3 0.822656 0.281250 0.275000 0.293056
3 0.631641 0.379167 0.124219 0.255556
3 0.485938 0.333333 0.170312 0.361111
0 0.503125 0.077778 0.993750 0.147222
0 0.498047 0.568750 0.986719 0.218056
