3 0.056250 0.221528 0.110937 0.215278
3 0.142969 0.193750 0.060938 0.154167
3 0.232031 0.247222 0.112500 0.288889
3 0.349609 0.190278 0.117969 0.163889
3 0.444141 0.120833 0.033594 0.044444
3 0.513281 0.196528 0.087500 0.184722
3 0.936328 0.244444 0.124219 0.208333
3 0.085156 0.759028 0.168750 0.481944
3 0.212109 0.645139 0.038281 0.112500
3 0.273047 0.727083 0.188281 0.331944
3 0.608203 0.222222 0.099219 0.238889
3 0.767578 0.210417 0.217969 0.240278
3 0.474609 0.531944 0.124219 0.172222
3 0.432031 0.787500 0.132812 0.330556
3 0.520703 0.668750 0.046094 0.104167
3 0.875781 0.638889 0.248437 0.311111
3 0.650000 0.684722 0.209375 0.369444
3 0.885547 0.952083 0.077344 0.093056
3 0.869531 0.813889 0.064062 0.144444
3 0.952344 0.845833 0.095312 0.102778
0 0.501172 0.925000 0.997656 0.147222
0 0.501953 0.451389 0.996094 0.222222
