0 0.500391 0.925000 0.999219 0.150000
0 0.500000 0.361806 1.000000 0.304167
3 0.029687 0.685417 0.059375 0.320833
3 0.107422 0.754861 0.094531 0.179167
3 0.107813 0.595139 0.095312 0.134722
3 0.199609 0.627778 0.086719 0.311111
3 0.342578 0.620139 0.197656 0.295833
3 0.054688 0.186806 0.107813 0.254167
3 0.140234 0.274306 0.057031 0.106944
3 0.152734 0.196528 0.035156 0.076389
3 0.201562 0.159028 0.079687 0.184722
3 0.338672 0.195833 0.192969 0.258333
3 0.543359 0.128472 0.103906 0.126389
3 0.530469 0.269444 0.159375 0.263889
3 0.644531 0.119444 0.056250 0.077778
3 0.744531 0.130556 0.121875 0.136111
3 0.838281 0.144444 0.060938 0.158333
3 0.934766 0.172222 0.128906 0.219444
3 0.281641 0.951389 0.074219 0.086111
3 0.574219 0.629167 0.176563 0.202778
3 0.543359 0.783333 0.088281 0.138889
3 0.650781 0.746528 0.123438 0.279167
3 0.782422 0.825694 0.138281 0.304167
3 0.802344 0.617361 0.023438 0.037500
3 0.832812 0.593056 0.018750 0.047222
3 0.766797 0.628472 0.021094 0.037500
3 0.737891 0.606944 0.147656 0.155556
3 0.923828 0.741667 0.141406 0.211111
3 0.935156 0.570833 0.126563 0.141667
