0 0.500781 0.934028 0.998438 0.129167
0 0.495703 0.464583 0.989844 0.190278
3 0.045313 0.246528 0.090625 0.237500
3 0.050391 0.705556 0.100781 0.272222
3 0.166406 0.284722 0.176563 0.327778
3 0.284766 0.175694 0.052344 0.068056
3 0.351172 0.195139 0.188281 0.159722
3 0.475781 0.193750 0.059375 0.162500
3 0.560156 0.227778 0.109375 0.233333
3 0.645312 0.199306 0.056250 0.170833
3 0.734766 0.240278 0.114844 0.252778
3 0.848047 0.190972 0.110156 0.165278
3 0.966797 0.234028 0.066406 0.262500
3 0.826953 0.427778 0.164844 0.250000
3 0.218359 0.675694 0.175781 0.265278
3 0.181250 0.850000 0.081250 0.172222
3 0.367578 0.825000 0.260156 0.250000
3 0.397266 0.636806 0.175781 0.112500
3 0.588672 0.816667 0.174219 0.225000
3 0.585547 0.611111 0.164844 0.172222
3 0.771875 0.733333 0.185937 0.350000
3 0.932422 0.686111 0.135156 0.475000
