3 0.244531 0.736111 0.487500 0.302778
3 0.536719 0.797917 0.092188 0.101389
3 0.515234 0.650694 0.050781 0.148611
3 0.586719 0.602778 0.098438 0.180556
3 0.801562 0.681250 0.396875 0.312500
3 0.162500 0.278472 0.146875 0.334722
3 0.308984 0.366667 0.147656 0.275000
3 0.331641 0.131944 0.188281 0.252778
3 0.471094 0.419444 0.100000 0.291667
3 0.524609 0.136111 0.194531 0.255556
3 0.616406 0.330556 0.198437 0.166667
3 0.754687 0.340278 0.062500 0.138889
3 0.819922 0.156944 0.360156 0.244444
3 0.893359 0.402778 0.213281 0.238889
3 0.758203 0.470139 0.057031 0.095833
0 0.501562 0.518056 0.993750 0.213889
