0 0.498437 0.312500 0.995313 0.502778
0 0.499219 0.904167 0.995313 0.191667
3 0.201953 0.188889 0.194531 0.247222
3 0.402344 0.165278 0.150000 0.197222
3 0.391016 0.322222 0.163281 0.144444
3 0.507422 0.113889 0.058594 0.088889
3 0.601953 0.134722 0.130469 0.130556
3 0.705469 0.136111 0.060938 0.113889
3 0.786719 0.176389 0.101562 0.219444
3 0.868359 0.148611 0.060156 0.158333
3 0.946094 0.200000 0.095312 0.269444
3 0.061328 0.636806 0.114844 0.312500
3 0.214453 0.627083 0.189844 0.293056
3 0.397266 0.783333 0.067969 0.152778
3 0.508984 0.746528 0.116406 0.270833
3 0.443359 0.610417 0.192969 0.254167
3 0.593750 0.650694 0.115625 0.173611
3 0.625391 0.817361 0.178906 0.262500
3 0.748828 0.681944 0.049219 0.100000
3 0.769141 0.568056 0.063281 0.161111
3 0.833984 0.572917 0.092969 0.179167
3 0.813672 0.765278 0.164844 0.211111
3 0.931641 0.599306 0.033594 0.115278
3 0.955078 0.764583 0.088281 0.137500
3 0.975781 0.600694 0.046875 0.187500
