0 0.500000 0.583333 1.000000 0.200000
3 0.126172 0.825000 0.252344 0.269444
3 0.451562 0.813194 0.395312 0.256944
3 0.759375 0.801389 0.218750 0.225000
3 0.933203 0.791667 0.128906 0.211111
3 0.085547 0.347222 0.163281 0.272222
3 0.215625 0.288889 0.092188 0.327778
3 0.355859 0.252083 0.183594 0.243056
3 0.580859 0.256944 0.185156 0.252778
3 0.546875 0.434722 0.096875 0.166667
3 0.657031 0.356250 0.132812 0.190278
3 0.771875 0.392361 0.171875 0.195833
3 0.926562 0.309028 0.134375 0.445833
0 0.503125 0.097917 0.993750 0.165278
