0 0.299219 0.939583 0.584375 0.118056
0 0.500000 0.457639 1.000000 0.348611
3 0.314844 0.218750 0.195312 0.226389
3 0.530078 0.295833 0.158594 0.325000
3 0.633984 0.193750 0.044531 0.065278
3 0.725391 0.238194 0.127344 0.145833
3 0.825000 0.250000 0.060938 0.136111
3 0.929688 0.280556 0.140625 0.213889
3 0.074219 0.746528 0.139062 0.215278
3 0.286719 0.676389 0.254687 0.250000
3 0.557031 0.773611 0.150000 0.366667
3 0.632422 0.821528 0.130469 0.237500
3 0.735937 0.878472 0.181250 0.195833
3 0.916016 0.807639 0.167969 0.351389
