2 0.304297 0.086111 0.046094 0.069444
2 0.607031 0.086806 0.051562 0.065278
2 0.026563 0.470833 0.053125 0.083333
2 0.051172 0.552778 0.049219 0.111111
2 0.082031 0.622917 0.032812 0.065278
2 0.200781 0.602083 0.060938 0.084722
2 0.188281 0.806250 0.031250 0.134722
2 0.121875 0.163889 0.045313 0.080556
2 0.226953 0.263194 0.021094 0.045833
2 0.215625 0.325694 0.014062 0.034722
2 0.257812 0.347917 0.059375 0.101389
2 0.286719 0.571528 0.051562 0.093056
2 0.364062 0.768056 0.059375 0.058333
2 0.463672 0.659028 0.066406 0.087500
2 0.688281 0.480556 0.025000 0.047222
2 0.823047 0.646528 0.019531 0.048611
2 0.847266 0.755556 0.007031 0.030556
2 0.933594 0.842361 0.021875 0.043056
0 0.096875 0.330556 0.125000 0.244444
0 0.387109 0.344444 0.164844 0.316667
0 0.092188 0.867361 0.178125 0.262500
0 0.378125 0.902778 0.189063 0.194444
0 0.598437 0.898611 0.181250 0.200000
0 0.804688 0.898611 0.164062 0.200000
0 0.970312 0.878472 0.059375 0.240278
0 0.605469 0.350694 0.171875 0.334722
0 0.800000 0.351389 0.171875 0.369444
0 0.975000 0.315972 0.050000 0.281944
