0 0.078125 0.342361 0.156250 0.370833
0 0.302734 0.331944 0.138281 0.361111
0 0.493750 0.340278 0.182812 0.352778
0 0.694141 0.324306 0.155469 0.334722
0 0.080078 0.892361 0.160156 0.201389
0 0.302344 0.889583 0.167187 0.220833
0 0.524219 0.890278 0.184375 0.216667
0 0.717188 0.890278 0.156250 0.202778
2 0.096094 0.642361 0.020312 0.056944
2 0.479688 0.647222 0.039062 0.075000
2 0.552344 0.729861 0.045313 0.095833
2 0.616406 0.735417 0.029687 0.054167
2 0.845703 0.489583 0.053906 0.112500
2 0.977734 0.256944 0.044531 0.175000
2 0.896875 0.011806 0.048437 0.020833
2 0.924609 0.048611 0.042969 0.058333
2 0.983203 0.595139 0.033594 0.084722
2 0.949219 0.740972 0.101562 0.181944
2 0.848047 0.909722 0.049219 0.091667
2 0.383594 0.115278 0.034375 0.083333
0 0.983984 0.911806 0.032031 0.173611
2 0.765234 0.571528 0.027344 0.048611
