0 0.087109 0.261111 0.171094 0.363889
0 0.069922 0.840278 0.139844 0.313889
0 0.287891 0.856250 0.169531 0.281944
0 0.283594 0.285417 0.126563 0.276389
0 0.506250 0.265972 0.206250 0.351389
0 0.690625 0.301389 0.153125 0.322222
0 0.915625 0.338194 0.168750 0.356944
0 0.714453 0.883333 0.146094 0.230556
0 0.916797 0.904861 0.166406 0.187500
2 0.196484 0.252778 0.042969 0.094444
2 0.199219 0.443750 0.026563 0.051389
2 0.243359 0.460417 0.049219 0.065278
2 0.269922 0.536111 0.019531 0.072222
2 0.405469 0.617361 0.051562 0.123611
2 0.462500 0.893056 0.021875 0.055556
2 0.557813 0.646528 0.035937 0.079167
2 0.651563 0.511111 0.029687 0.086111
2 0.801172 0.152083 0.055469 0.104167
2 0.987109 0.138889 0.025781 0.058333
2 0.794922 0.365278 0.055469 0.088889
2 0.929688 0.548611 0.037500 0.047222
