2 0.229687 0.543750 0.090625 0.059722
2 0.342187 0.432639 0.057813 0.062500
2 0.264844 0.366667 0.046875 0.080556
2 0.271094 0.229861 0.050000 0.065278
2 0.471484 0.109028 0.047656 0.129167
2 0.544531 0.280556 0.057813 0.061111
2 0.544531 0.045139 0.020312 0.084722
2 0.916797 0.460417 0.019531 0.034722
2 0.946875 0.331250 0.034375 0.043056
2 0.989062 0.181250 0.006250 0.034722
0 0.023047 0.293750 0.046094 0.248611
0 0.160547 0.247917 0.157031 0.323611
0 0.381250 0.191667 0.142188 0.352778
0 0.630469 0.198611 0.167187 0.313889
0 0.854688 0.172917 0.173438 0.287500
