2 0.453516 0.474306 0.044531 0.065278
2 0.758203 0.371528 0.044531 0.084722
2 0.817187 0.458333 0.046875 0.086111
2 0.871875 0.606250 0.051562 0.112500
2 0.943750 0.551389 0.031250 0.077778
2 0.739844 0.933333 0.064062 0.075000
2 0.664844 0.863194 0.034375 0.079167
2 0.259375 0.659028 0.053125 0.101389
2 0.496875 0.500694 0.045313 0.106944
2 0.673437 0.736806 0.046875 0.056944
2 0.101172 0.590278 0.024219 0.030556
2 0.197656 0.662500 0.056250 0.116667
0 0.113672 0.238194 0.199219 0.359722
0 0.131250 0.840972 0.185937 0.315278
0 0.362891 0.787500 0.167969 0.369444
0 0.569141 0.755556 0.152344 0.355556
0 0.775000 0.693750 0.164062 0.320833
0 0.970703 0.659722 0.058594 0.236111
0 0.975781 0.118750 0.048437 0.215278
0 0.768359 0.131944 0.161719 0.222222
0 0.541406 0.178472 0.189063 0.354167
0 0.327734 0.222917 0.172656 0.373611
