2 0.017578 0.110417 0.035156 0.118056
2 0.089453 0.290278 0.046094 0.058333
2 0.488281 0.341667 0.042188 0.044444
2 0.460156 0.472222 0.026563 0.041667
2 0.559766 0.230556 0.069531 0.102778
2 0.691797 0.394444 0.035156 0.091667
2 0.594531 0.462500 0.065625 0.102778
2 0.764063 0.468750 0.045313 0.048611
2 0.914062 0.431944 0.064062 0.088889
2 0.708594 0.213889 0.100000 0.272222
0 0.169531 0.211806 0.175000 0.298611
0 0.403125 0.178472 0.170312 0.304167
0 0.827734 0.230556 0.147656 0.336111
0 0.975391 0.271528 0.049219 0.245833
