2 0.023828 0.453472 0.044531 0.045833
2 0.066406 0.719444 0.092188 0.227778
2 0.539453 0.462500 0.105469 0.111111
2 0.600781 0.559028 0.056250 0.076389
2 0.713281 0.650000 0.026563 0.155556
2 0.638281 0.947917 0.050000 0.101389
2 0.540234 0.928472 0.041406 0.084722
2 0.727344 0.834722 0.029687 0.077778
2 0.770312 0.980556 0.079687 0.036111
0 0.205469 0.763194 0.193750 0.376389
0 0.398047 0.750000 0.177344 0.380556
0 0.609766 0.757639 0.164844 0.345833
0 0.812500 0.716667 0.167187 0.344444
0 0.961719 0.698611 0.075000 0.319444
