2 0.460938 0.134028 0.048437 0.059722
2 0.782031 0.095139 0.045313 0.068056
2 0.704687 0.268750 0.031250 0.043056
2 0.697656 0.330556 0.014062 0.038889
2 0.734375 0.350000 0.057813 0.100000
2 0.258984 0.143750 0.055469 0.098611
2 0.249609 0.363194 0.063281 0.084722
2 0.108594 0.515278 0.028125 0.075000
2 0.015625 0.647222 0.026563 0.086111
2 0.022656 0.827778 0.032812 0.094444
2 0.482812 0.662500 0.034375 0.061111
2 0.497266 0.474306 0.066406 0.098611
2 0.528906 0.550694 0.048437 0.070833
2 0.559766 0.624306 0.047656 0.093056
2 0.685547 0.610417 0.064844 0.093056
2 0.669531 0.813194 0.032812 0.126389
2 0.841797 0.765278 0.042969 0.058333
2 0.598828 0.170833 0.044531 0.077778
2 0.766016 0.576389 0.050781 0.100000
2 0.942969 0.663194 0.062500 0.095833
0 0.033984 0.236806 0.067969 0.265278
0 0.149219 0.313889 0.143750 0.308333
0 0.171094 0.870833 0.143750 0.255556
0 0.373437 0.327083 0.171875 0.340278
0 0.376953 0.896528 0.174219 0.204167
0 0.572656 0.873611 0.175000 0.250000
0 0.857422 0.903472 0.177344 0.193056
0 0.582422 0.340278 0.124219 0.247222
0 0.863281 0.343750 0.165625 0.304167
0 0.990234 0.941667 0.019531 0.091667
