0 0.058984 0.729861 0.117969 0.326389
0 0.303516 0.720139 0.164844 0.368056
0 0.536328 0.687500 0.185156 0.383333
0 0.758203 0.689583 0.157031 0.362500
0 0.924219 0.646528 0.142188 0.351389
2 0.137109 0.442361 0.041406 0.081944
2 0.146484 0.528472 0.027344 0.068056
2 0.134375 0.731250 0.043750 0.234722
2 0.204688 0.943750 0.048437 0.101389
2 0.486719 0.954861 0.043750 0.090278
2 0.669141 0.400000 0.041406 0.108333
2 0.828516 0.357639 0.057031 0.048611
2 0.934375 0.401389 0.062500 0.091667
2 0.987109 0.358333 0.025781 0.047222
