2 0.026953 0.218056 0.053906 0.086111
2 0.064844 0.329861 0.078125 0.151389
2 0.198047 0.541667 0.042969 0.130556
2 0.368750 0.484028 0.050000 0.059722
2 0.290625 0.306944 0.051562 0.088889
2 0.206250 0.345833 0.060938 0.083333
2 0.248437 0.079167 0.081250 0.108333
2 0.470703 0.375000 0.067969 0.105556
2 0.685938 0.178472 0.028125 0.051389
2 0.826563 0.339583 0.023438 0.056944
2 0.944531 0.522222 0.025000 0.050000
0 0.105859 0.660417 0.177344 0.362500
0 0.387109 0.688889 0.197656 0.330556
0 0.606641 0.649306 0.186719 0.293056
0 0.816797 0.636111 0.171094 0.305556
0 0.976562 0.629861 0.042188 0.315278
0 0.097656 0.090972 0.120312 0.170833
0 0.386719 0.109722 0.156250 0.216667
0 0.602734 0.111111 0.178906 0.211111
0 0.789453 0.113889 0.178906 0.227778
0 0.975000 0.077083 0.050000 0.129167
