2 0.295703 0.398611 0.047656 0.111111
2 0.117188 0.263194 0.084375 0.079167
2 0.241797 0.952083 0.022656 0.031944
2 0.265234 0.810417 0.028906 0.048611
2 0.316406 0.658333 0.015625 0.030556
2 0.357422 0.682639 0.022656 0.056944
2 0.363281 0.918750 0.034375 0.081944
2 0.467969 0.872222 0.043750 0.088889
2 0.541406 0.953472 0.034375 0.040278
2 0.443750 0.420139 0.031250 0.062500
2 0.541797 0.287500 0.030469 0.077778
2 0.505859 0.327083 0.014844 0.031944
2 0.675781 0.129167 0.065625 0.077778
2 0.929688 0.222917 0.062500 0.081944
2 0.962109 0.307639 0.042969 0.098611
2 0.080859 0.056944 0.044531 0.086111
2 0.693750 0.904861 0.070312 0.093056
2 0.912500 0.402083 0.039062 0.062500
0 0.026953 0.097917 0.047656 0.195833
0 0.018750 0.647917 0.037500 0.198611
0 0.181250 0.642361 0.171875 0.287500
0 0.607031 0.683333 0.151562 0.311111
0 0.819922 0.729167 0.160156 0.338889
0 0.963281 0.678472 0.073437 0.343056
0 0.167187 0.109028 0.107813 0.204167
0 0.383594 0.107639 0.201562 0.209722
0 0.576563 0.122222 0.153125 0.236111
0 0.793359 0.129167 0.160156 0.236111
0 0.972656 0.101389 0.053125 0.186111
