0 0.121484 0.738194 0.169531 0.345833
0 0.324219 0.725000 0.198437 0.336111
0 0.519531 0.720833 0.137500 0.344444
0 0.785937 0.736111 0.165625 0.408333
0 0.963672 0.690278 0.072656 0.333333
2 0.023047 0.664583 0.044531 0.176389
2 0.078906 0.977083 0.048437 0.043056
2 0.397656 0.533333 0.045313 0.066667
2 0.470313 0.456250 0.054688 0.151389
2 0.615234 0.435417 0.049219 0.059722
2 0.617969 0.525000 0.029687 0.058333
2 0.615234 0.728472 0.058594 0.251389
2 0.960938 0.938889 0.046875 0.105556
2 0.683984 0.934028 0.042969 0.131944
