2 0.132422 0.227778 0.063281 0.072222
2 0.160547 0.313194 0.049219 0.090278
2 0.197656 0.372222 0.035937 0.075000
2 0.117578 0.411111 0.032031 0.061111
2 0.355859 0.071528 0.082031 0.131944
2 0.305469 0.331944 0.043750 0.088889
2 0.400391 0.313889 0.057031 0.113889
2 0.309766 0.550694 0.042969 0.123611
2 0.486328 0.489583 0.046094 0.065278
2 0.584375 0.377778 0.062500 0.111111
2 0.796875 0.178472 0.034375 0.051389
2 0.939844 0.336111 0.026563 0.061111
0 0.044922 0.140972 0.088281 0.270833
0 0.051953 0.736806 0.103906 0.348611
0 0.219531 0.692361 0.181250 0.312500
0 0.503906 0.695139 0.184375 0.309722
0 0.725781 0.668056 0.201562 0.341667
0 0.917578 0.656944 0.163281 0.272222
0 0.207031 0.097222 0.125000 0.172222
0 0.492578 0.108333 0.160156 0.216667
0 0.714453 0.120139 0.189844 0.234722
0 0.905078 0.108333 0.178906 0.211111
