2 0.384375 0.254167 0.046875 0.088889
2 0.039844 0.622222 0.042188 0.077778
2 0.084375 0.766667 0.040625 0.113889
2 0.384766 0.443056 0.024219 0.038889
2 0.428906 0.466667 0.057813 0.050000
2 0.455078 0.529167 0.028906 0.086111
2 0.596094 0.609722 0.048437 0.113889
2 0.742578 0.641667 0.032031 0.066667
2 0.841016 0.513194 0.030469 0.076389
2 0.979688 0.143056 0.040625 0.113889
2 0.973047 0.359028 0.047656 0.095833
2 0.691016 0.067361 0.033594 0.084722
2 0.566016 0.284722 0.014844 0.027778
2 0.765234 0.399306 0.024219 0.048611
2 0.805859 0.547917 0.017969 0.045833
2 0.606641 0.870833 0.008594 0.036111
2 0.649609 0.888889 0.019531 0.050000
0 0.041016 0.252083 0.082031 0.293056
0 0.282422 0.259028 0.164844 0.365278
0 0.467578 0.267361 0.110156 0.262500
0 0.694141 0.260417 0.197656 0.337500
0 0.883984 0.302778 0.146094 0.325000
0 0.039844 0.845139 0.079687 0.304167
0 0.250000 0.862500 0.179688 0.275000
0 0.476172 0.854861 0.166406 0.287500
0 0.901953 0.882639 0.149219 0.234722
