2 0.019141 0.489583 0.038281 0.106944
2 0.023438 0.689583 0.040625 0.070833
2 0.139062 0.566667 0.071875 0.119444
2 0.083594 0.186806 0.046875 0.176389
2 0.474609 0.579861 0.052344 0.137500
2 0.546484 0.579861 0.055469 0.101389
2 0.511328 0.670139 0.019531 0.045833
2 0.708984 0.639583 0.052344 0.079167
2 0.743359 0.511111 0.047656 0.105556
2 0.687891 0.077778 0.030469 0.063889
2 0.536328 0.043750 0.046094 0.081944
2 0.958594 0.626389 0.082813 0.202778
2 0.932813 0.838889 0.053125 0.211111
2 0.979688 0.862500 0.040625 0.272222
0 0.034375 0.297917 0.068750 0.254167
0 0.029687 0.868750 0.056250 0.259722
0 0.183203 0.843750 0.191406 0.301389
0 0.181641 0.257639 0.175781 0.340278
0 0.390625 0.265972 0.196875 0.359722
0 0.587109 0.274306 0.144531 0.331944
0 0.846094 0.270833 0.165625 0.388889
0 0.387109 0.860417 0.177344 0.273611
0 0.612500 0.852778 0.189063 0.294444
0 0.814844 0.851389 0.178125 0.297222
