2 0.076953 0.061111 0.058594 0.097222
2 0.216797 0.116667 0.074219 0.138889
2 0.553516 0.111806 0.042969 0.123611
2 0.621484 0.105556 0.055469 0.097222
2 0.099219 0.245833 0.039062 0.058333
2 0.789062 0.158333 0.062500 0.083333
2 0.814844 0.038194 0.048437 0.070833
2 0.807813 0.510417 0.045313 0.076389
0 0.059766 0.445833 0.119531 0.316667
0 0.269922 0.428472 0.178906 0.370833
0 0.469531 0.434028 0.176563 0.318056
0 0.690625 0.389583 0.187500 0.320833
0 0.892578 0.394444 0.178906 0.338889
0 0.054297 0.052778 0.105469 0.105556
