2 0.237500 0.118750 0.045313 0.090278
2 0.270703 0.186111 0.033594 0.088889
2 0.698438 0.495833 0.059375 0.100000
2 0.880078 0.147222 0.039844 0.063889
2 0.775000 0.040972 0.043750 0.068056
2 0.330859 0.647917 0.044531 0.087500
2 0.404687 0.731944 0.054688 0.097222
2 0.467578 0.732639 0.024219 0.054167
2 0.847266 0.218056 0.074219 0.127778
2 0.844531 0.310417 0.023438 0.026389
2 0.862500 0.597222 0.059375 0.111111
2 0.961719 0.632639 0.065625 0.126389
2 0.811328 0.734028 0.108594 0.154167
2 0.700000 0.907639 0.054688 0.095833
2 0.058984 0.835417 0.027344 0.037500
0 0.157813 0.348611 0.139062 0.355556
0 0.342969 0.351389 0.193750 0.363889
0 0.545313 0.334722 0.168750 0.347222
0 0.916016 0.859028 0.167969 0.279167
0 0.953516 0.256944 0.092969 0.319444
0 0.582031 0.884722 0.184375 0.227778
0 0.379687 0.885417 0.182812 0.226389
0 0.159766 0.877083 0.171094 0.245833
0 0.009766 0.938889 0.019531 0.119444
0 0.007812 0.318750 0.009375 0.218056
