2 0.219141 0.453472 0.119531 0.118056
2 0.280469 0.561806 0.060938 0.073611
2 0.382812 0.652778 0.046875 0.188889
2 0.319141 0.945139 0.055469 0.106944
2 0.442578 0.975000 0.063281 0.047222
2 0.771484 0.535417 0.044531 0.093056
2 0.850391 0.440278 0.058594 0.216667
2 0.981250 0.423611 0.028125 0.061111
2 0.988281 0.509028 0.023438 0.062500
2 0.974609 0.632639 0.050781 0.090278
2 0.216016 0.922222 0.063281 0.083333
0 0.095312 0.768750 0.146875 0.365278
0 0.284375 0.730556 0.160938 0.347222
0 0.488281 0.712500 0.171875 0.377778
0 0.694531 0.706250 0.190625 0.337500
0 0.895312 0.700694 0.162500 0.337500
