2 0.035547 0.377778 0.069531 0.102778
2 0.385547 0.334028 0.027344 0.048611
2 0.768359 0.311111 0.044531 0.088889
2 0.848828 0.386806 0.055469 0.106944
2 0.908984 0.384722 0.019531 0.052778
0 0.014062 0.079861 0.026563 0.159722
0 0.022266 0.672917 0.038281 0.201389
0 0.173047 0.659028 0.186719 0.370833
0 0.385938 0.635417 0.165625 0.315278
0 0.594141 0.622917 0.146094 0.343056
0 0.825000 0.593750 0.175000 0.284722
0 0.964844 0.598611 0.070312 0.283333
0 0.166406 0.118056 0.179688 0.197222
0 0.353516 0.108333 0.180469 0.216667
0 0.589844 0.100694 0.137500 0.201389
0 0.775000 0.109722 0.192188 0.213889
0 0.945703 0.080556 0.103906 0.152778
