2 0.356250 0.680556 0.060938 0.100000
2 0.348828 0.902083 0.060156 0.090278
2 0.559375 0.670833 0.054688 0.063889
2 0.698047 0.697222 0.053906 0.097222
2 0.585156 0.975000 0.045313 0.047222
2 0.826953 0.847222 0.083594 0.161111
2 0.880469 0.609722 0.051562 0.075000
2 0.061328 0.607639 0.035156 0.087500
2 0.236719 0.673611 0.059375 0.041667
0 0.081641 0.815278 0.161719 0.336111
0 0.244922 0.838889 0.147656 0.322222
0 0.473828 0.839583 0.169531 0.309722
0 0.680859 0.858333 0.124219 0.247222
0 0.940625 0.861111 0.118750 0.275000
