0 0.130078 0.180556 0.191406 0.355556
0 0.016797 0.799306 0.033594 0.212500
0 0.144922 0.756944 0.163281 0.330556
0 0.367188 0.687500 0.145313 0.333333
0 0.615625 0.680556 0.168750 0.302778
0 0.844922 0.656944 0.161719 0.277778
0 0.277734 0.004167 0.003906 0.008333
0 0.358594 0.122222 0.157813 0.238889
0 0.631641 0.136806 0.164844 0.268056
0 0.829297 0.115972 0.113281 0.231944
0 0.972266 0.048611 0.055469 0.094444
2 0.041406 0.472917 0.039062 0.048611
2 0.080078 0.512500 0.039844 0.061111
2 0.099219 0.440972 0.032812 0.073611
2 0.347656 0.375694 0.043750 0.101389
2 0.403125 0.461111 0.051562 0.080556
2 0.261328 0.745833 0.049219 0.055556
2 0.251953 0.871528 0.042969 0.101389
2 0.325391 0.928472 0.050781 0.054167
2 0.741016 0.065972 0.039844 0.112500
2 0.780469 0.270139 0.092188 0.076389
2 0.961719 0.410417 0.068750 0.126389
2 0.461719 0.601389 0.070312 0.130556
