0 0.093359 0.092361 0.183594 0.184722
0 0.282813 0.077083 0.151562 0.145833
0 0.137109 0.580556 0.175781 0.319444
0 0.335156 0.578472 0.181250 0.334722
0 0.667188 0.502083 0.176563 0.329167
0 0.921484 0.456944 0.149219 0.338889
2 0.448047 0.125000 0.055469 0.097222
2 0.610937 0.215278 0.065625 0.130556
2 0.721094 0.254861 0.062500 0.126389
2 0.461719 0.539583 0.057813 0.101389
2 0.624609 0.706944 0.075781 0.050000
2 0.922656 0.679861 0.079687 0.081944
2 0.548047 0.365278 0.058594 0.163889
2 0.084375 0.298611 0.043750 0.100000
