0 0.030469 0.325694 0.060938 0.306944
0 0.043359 0.901389 0.086719 0.194444
0 0.214453 0.884722 0.175781 0.230556
0 0.420312 0.885417 0.179688 0.226389
0 0.177734 0.336111 0.196094 0.377778
0 0.381250 0.320833 0.170312 0.341667
0 0.833594 0.268750 0.198437 0.345833
0 0.974219 0.241667 0.051562 0.300000
0 0.741406 0.854861 0.181250 0.290278
0 0.960547 0.831944 0.078906 0.336111
2 0.165234 0.638194 0.042969 0.081944
2 0.038281 0.707639 0.050000 0.093056
2 0.241016 0.728472 0.042969 0.093056
2 0.305078 0.728472 0.021094 0.051389
2 0.073047 0.106944 0.039844 0.088889
2 0.108594 0.185417 0.032812 0.084722
2 0.611719 0.043056 0.034375 0.063889
2 0.535937 0.496528 0.045313 0.104167
2 0.455078 0.574306 0.024219 0.045833
2 0.716016 0.150000 0.047656 0.102778
2 0.684766 0.215972 0.063281 0.106944
2 0.683984 0.303472 0.021094 0.043056
2 0.694141 0.600000 0.064844 0.125000
2 0.799219 0.643750 0.068750 0.115278
2 0.539453 0.908333 0.039844 0.086111
2 0.648438 0.737500 0.112500 0.158333
2 0.623828 0.977083 0.027344 0.045833
2 0.908984 0.540972 0.086719 0.093056
