0 0.096094 0.259722 0.162500 0.333333
0 0.085156 0.865972 0.157813 0.265278
0 0.300391 0.838194 0.180469 0.320833
0 0.528516 0.762500 0.175781 0.377778
0 0.746875 0.750694 0.131250 0.334722
0 0.935156 0.693056 0.129688 0.363889
0 0.285547 0.224306 0.191406 0.326389
0 0.495703 0.216667 0.161719 0.377778
0 0.714844 0.176389 0.195312 0.352778
0 0.925781 0.123611 0.142188 0.236111
2 0.628125 0.468750 0.046875 0.068056
2 0.421484 0.661806 0.046094 0.084722
2 0.075391 0.673611 0.060156 0.105556
2 0.907031 0.930556 0.054688 0.066667
2 0.841797 0.734028 0.046094 0.059722
2 0.833984 0.848611 0.038281 0.077778
2 0.926562 0.372917 0.042188 0.084722
2 0.672266 0.504861 0.064844 0.059722
