0 0.034766 0.072222 0.067969 0.144444
0 0.172266 0.068056 0.147656 0.130556
0 0.056641 0.590278 0.113281 0.327778
0 0.227734 0.577083 0.188281 0.312500
0 0.564453 0.501389 0.171094 0.330556
0 0.825391 0.458333 0.163281 0.341667
0 0.969922 0.408333 0.060156 0.213889
2 0.337109 0.118750 0.061719 0.109722
2 0.262500 0.219444 0.034375 0.052778
2 0.056250 0.379861 0.046875 0.101389
2 0.501562 0.226389 0.071875 0.122222
2 0.608984 0.248611 0.061719 0.138889
2 0.450000 0.352083 0.092188 0.143056
2 0.354297 0.538194 0.055469 0.098611
2 0.517578 0.715278 0.086719 0.061111
2 0.810547 0.672917 0.103906 0.081944
2 0.961719 0.216667 0.062500 0.102778
2 0.954297 0.055556 0.078906 0.100000
0 0.610156 0.022917 0.123438 0.043056
0 0.842578 0.018056 0.086719 0.036111
