0 0.966797 0.925000 0.066406 0.147222
0 0.751172 0.943750 0.141406 0.109722
0 0.563281 0.945833 0.192188 0.102778
0 0.384766 0.949306 0.066406 0.098611
0 0.126172 0.970139 0.102344 0.059722
2 0.078906 0.817361 0.104687 0.131944
2 0.138281 0.914583 0.045313 0.068056
2 0.257812 0.959028 0.034375 0.079167
2 0.318359 0.968750 0.067969 0.056944
2 0.849219 0.759722 0.045313 0.072222
2 0.854688 0.853472 0.029687 0.073611
2 0.848047 0.968056 0.049219 0.063889
2 0.707812 0.804861 0.050000 0.145833
2 0.635156 0.891667 0.046875 0.069444
