0 0.020312 0.150694 0.040625 0.215278
0 0.386328 0.231250 0.146094 0.337500
0 0.595703 0.277778 0.169531 0.347222
0 0.793359 0.218750 0.177344 0.323611
2 0.041406 0.341667 0.028125 0.038889
2 0.018359 0.468056 0.024219 0.047222
2 0.154297 0.449306 0.072656 0.104167
2 0.122266 0.223611 0.074219 0.102778
2 0.263672 0.222917 0.099219 0.262500
2 0.251953 0.397222 0.046094 0.088889
2 0.314453 0.476389 0.039844 0.075000
2 0.467969 0.439583 0.073437 0.101389
2 0.888281 0.088889 0.046875 0.119444
0 0.989453 0.225694 0.021094 0.215278
