0 0.044922 0.759028 0.086719 0.334722
0 0.190625 0.747222 0.160938 0.352778
0 0.390625 0.750694 0.178125 0.343056
0 0.601172 0.719444 0.157031 0.341667
0 0.801562 0.717361 0.193750 0.351389
0 0.963281 0.706250 0.073437 0.293056
2 0.323438 0.454861 0.096875 0.123611
2 0.316406 0.923611 0.064062 0.088889
2 0.422656 0.945139 0.056250 0.109722
2 0.552734 0.976389 0.064844 0.047222
2 0.497656 0.656250 0.046875 0.170833
2 0.507031 0.829167 0.025000 0.094444
2 0.876562 0.536806 0.039062 0.068056
2 0.945312 0.443056 0.042188 0.155556
2 0.947266 0.984028 0.025781 0.029167
2 0.381641 0.552778 0.057031 0.075000
