0 0.162500 0.726389 0.170312 0.355556
0 0.358203 0.672222 0.186719 0.388889
0 0.638672 0.695833 0.189844 0.344444
0 0.853516 0.644444 0.186719 0.325000
0 0.135937 0.136111 0.171875 0.250000
0 0.338672 0.096528 0.132031 0.184722
0 0.630859 0.113889 0.167969 0.216667
0 0.848828 0.118056 0.182031 0.230556
0 0.975391 0.078472 0.049219 0.154167
0 0.985937 0.653472 0.028125 0.234722
2 0.041016 0.916667 0.075781 0.100000
2 0.264453 0.212500 0.057031 0.086111
2 0.310547 0.326389 0.075781 0.150000
2 0.494141 0.077778 0.071094 0.111111
2 0.451953 0.336111 0.067969 0.094444
2 0.447656 0.538889 0.045313 0.144444
2 0.531641 0.296528 0.063281 0.101389
2 0.028516 0.140278 0.046094 0.091667
2 0.253516 0.406944 0.036719 0.069444
2 0.623047 0.489583 0.050781 0.087500
2 0.717188 0.375694 0.076563 0.106944
2 0.937891 0.177778 0.024219 0.052778
0 0.010937 0.756944 0.021875 0.172222
