0 0.050781 0.948611 0.101562 0.100000
0 0.290234 0.927083 0.163281 0.143056
0 0.531641 0.916667 0.161719 0.163889
0 0.742578 0.904167 0.166406 0.188889
0 0.921875 0.880556 0.151562 0.233333
2 0.121875 0.772222 0.043750 0.061111
2 0.130469 0.853472 0.040625 0.043056
2 0.124609 0.965278 0.047656 0.066667
2 0.654688 0.718056 0.040625 0.111111
2 0.812109 0.666667 0.055469 0.050000
2 0.866797 0.747222 0.010156 0.033333
2 0.897266 0.684028 0.024219 0.051389
2 0.931641 0.705556 0.010156 0.066667
2 0.979688 0.678472 0.040625 0.070833
2 0.622656 0.805556 0.021875 0.027778
