0 0.057031 0.321528 0.112500 0.331944
0 0.078125 0.886806 0.156250 0.223611
0 0.488672 0.259722 0.194531 0.366667
0 0.684375 0.263194 0.171875 0.368056
0 0.892578 0.277778 0.171094 0.319444
0 0.397656 0.857639 0.179688 0.284722
0 0.662891 0.843056 0.166406 0.300000
0 0.864062 0.868750 0.173438 0.259722
2 0.237891 0.038194 0.086719 0.073611
2 0.366797 0.141667 0.049219 0.100000
2 0.339844 0.228472 0.079687 0.106944
2 0.185547 0.490278 0.074219 0.088889
2 0.111328 0.581250 0.035156 0.043056
2 0.190234 0.911111 0.052344 0.100000
2 0.348437 0.594444 0.078125 0.127778
2 0.305078 0.707639 0.100781 0.106944
2 0.456250 0.637500 0.059375 0.144444
2 0.812891 0.631944 0.038281 0.102778
2 0.731250 0.482639 0.020312 0.048611
2 0.833594 0.020139 0.065625 0.040278
2 0.987891 0.181944 0.024219 0.180556
2 0.996484 0.338889 0.007031 0.063889
2 0.928906 0.677083 0.034375 0.073611
2 0.957812 0.563194 0.023438 0.034722
2 0.916406 0.477778 0.059375 0.102778
