0 0.051562 0.377778 0.103125 0.352778
0 0.066016 0.900694 0.128906 0.195833
0 0.245312 0.906944 0.175000 0.186111
0 0.460938 0.894444 0.184375 0.211111
0 0.661719 0.882639 0.173438 0.231944
0 0.911328 0.878472 0.177344 0.243056
0 0.221094 0.365278 0.192188 0.333333
0 0.429688 0.351389 0.176563 0.325000
0 0.678516 0.340278 0.164844 0.369444
0 0.910156 0.296528 0.176563 0.390278
2 0.359766 0.690972 0.121094 0.173611
2 0.548828 0.711806 0.055469 0.090278
2 0.578906 0.558333 0.045313 0.136111
2 0.836328 0.622917 0.163281 0.226389
2 0.783984 0.884028 0.072656 0.229167
2 0.360547 0.089583 0.038281 0.159722
2 0.500000 0.054167 0.034375 0.061111
2 0.512109 0.141667 0.019531 0.069444
