2 0.038672 0.056944 0.039844 0.069444
2 0.109375 0.215972 0.073437 0.143056
2 0.146094 0.150694 0.040625 0.073611
2 0.121875 0.605556 0.067188 0.102778
2 0.229687 0.643750 0.057813 0.115278
2 0.067969 0.711111 0.093750 0.083333
2 0.503516 0.476389 0.022656 0.052778
2 0.553125 0.493750 0.042188 0.056944
2 0.580078 0.632639 0.046094 0.120833
2 0.704687 0.673611 0.045313 0.066667
2 0.821094 0.552083 0.070312 0.112500
2 0.767187 0.140972 0.045313 0.084722
2 0.606641 0.018056 0.061719 0.036111
2 0.856250 0.027083 0.046875 0.043056
2 0.317187 0.829861 0.028125 0.045833
2 0.315625 0.754861 0.025000 0.037500
2 0.037109 0.797917 0.035156 0.070833
2 0.050391 0.976389 0.035156 0.047222
0 0.265234 0.270139 0.188281 0.368056
0 0.468750 0.264583 0.137500 0.343056
0 0.660547 0.269444 0.175781 0.344444
0 0.851953 0.239583 0.175781 0.331944
0 0.168359 0.857639 0.177344 0.281944
0 0.440625 0.843056 0.156250 0.311111
0 0.642578 0.850000 0.177344 0.300000
0 0.868750 0.836111 0.185937 0.313889
0 0.981641 0.201389 0.036719 0.138889
0 0.986328 0.886111 0.027344 0.225000
