0 0.050000 0.348611 0.100000 0.327778
0 0.078906 0.891667 0.157813 0.216667
0 0.257031 0.876389 0.181250 0.247222
0 0.278125 0.339583 0.160938 0.376389
0 0.515234 0.296528 0.186719 0.345833
0 0.728516 0.270139 0.167969 0.356944
0 0.909766 0.225694 0.177344 0.365278
0 0.525000 0.875000 0.173438 0.250000
0 0.726172 0.861111 0.192969 0.277778
0 0.923047 0.834722 0.153906 0.327778
2 0.425781 0.628472 0.165625 0.229167
2 0.149219 0.703472 0.056250 0.054167
2 0.184766 0.569444 0.050781 0.136111
2 0.380469 0.893056 0.062500 0.213889
2 0.711328 0.661111 0.063281 0.105556
2 0.911719 0.586806 0.015625 0.029167
2 0.641797 0.027083 0.044531 0.048611
