0 0.103125 0.272917 0.200000 0.343056
0 0.287109 0.299306 0.139844 0.331944
0 0.309766 0.882639 0.150781 0.231944
0 0.517187 0.899306 0.167187 0.198611
0 0.715625 0.875000 0.173438 0.247222
0 0.509766 0.345139 0.166406 0.345833
0 0.720312 0.315972 0.118750 0.223611
0 0.959766 0.354167 0.080469 0.313889
0 0.953516 0.910417 0.092969 0.179167
2 0.400000 0.142361 0.057813 0.106944
2 0.014844 0.605556 0.028125 0.138889
2 0.016016 0.870833 0.011719 0.016667
2 0.061719 0.888889 0.020312 0.038889
2 0.155078 0.644444 0.030469 0.069444
2 0.603906 0.141667 0.046875 0.063889
2 0.920703 0.093750 0.044531 0.059722
2 0.738672 0.168750 0.055469 0.081944
2 0.845312 0.261806 0.029687 0.043056
2 0.836719 0.327778 0.015625 0.038889
2 0.639063 0.472917 0.062500 0.079167
2 0.390234 0.353472 0.066406 0.084722
2 0.250000 0.513194 0.026563 0.070833
2 0.673828 0.551389 0.049219 0.066667
2 0.700000 0.625000 0.048437 0.080556
2 0.623438 0.658333 0.042188 0.052778
2 0.825391 0.605556 0.049219 0.077778
2 0.869531 0.352083 0.056250 0.106944
2 0.905078 0.557639 0.055469 0.115278
2 0.809766 0.811806 0.041406 0.137500
2 0.978516 0.763194 0.042969 0.065278
