0 0.081641 0.281944 0.163281 0.338889
0 0.287500 0.257639 0.157813 0.340278
0 0.491016 0.225000 0.197656 0.363889
0 0.698047 0.211806 0.163281 0.351389
0 0.907031 0.175000 0.178125 0.336111
0 0.087109 0.875000 0.163281 0.247222
0 0.283203 0.871528 0.175781 0.256944
0 0.502344 0.829167 0.184375 0.338889
0 0.726953 0.761111 0.185156 0.400000
0 0.923047 0.755556 0.153906 0.341667
2 0.023828 0.556944 0.042969 0.088889
2 0.035937 0.676389 0.071875 0.133333
2 0.274609 0.668056 0.058594 0.105556
2 0.825391 0.465972 0.039844 0.059722
2 0.871094 0.495833 0.051562 0.113889
2 0.941797 0.430556 0.067969 0.108333
2 0.630859 0.661806 0.061719 0.084722
