2 0.262500 0.407639 0.050000 0.109722
2 0.080859 0.954861 0.042969 0.087500
2 0.423047 0.368056 0.060156 0.047222
2 0.476953 0.445833 0.021094 0.033333
2 0.585938 0.384028 0.160938 0.098611
2 0.802734 0.375694 0.036719 0.068056
2 0.660547 0.593750 0.047656 0.148611
2 0.926562 0.906944 0.143750 0.175000
2 0.996094 0.999306 0.007812 0.001389
0 0.132422 0.683333 0.183594 0.330556
0 0.353125 0.693056 0.162500 0.358333
0 0.543750 0.662500 0.192188 0.369444
0 0.761719 0.652083 0.168750 0.362500
0 0.941406 0.600000 0.117188 0.408333
