2 0.282813 0.632639 0.181250 0.226389
2 0.550391 0.663889 0.067969 0.111111
2 0.214844 0.895833 0.071875 0.205556
2 0.901563 0.670833 0.050000 0.125000
2 0.843359 0.676389 0.035156 0.116667
2 0.863281 0.134722 0.046875 0.111111
2 0.472656 0.029167 0.046875 0.052778
0 0.109375 0.336806 0.159375 0.376389
0 0.097266 0.863194 0.171094 0.270833
0 0.356250 0.885417 0.179688 0.229167
0 0.560547 0.881250 0.171094 0.234722
0 0.772266 0.836806 0.191406 0.323611
0 0.955078 0.754861 0.089844 0.393056
0 0.343359 0.287500 0.194531 0.347222
0 0.560547 0.268056 0.161719 0.344444
0 0.757422 0.227778 0.191406 0.350000
0 0.946875 0.233333 0.106250 0.363889
