2 0.031641 0.827778 0.060156 0.127778
2 0.069922 0.920139 0.058594 0.073611
2 0.185547 0.959722 0.041406 0.077778
2 0.244531 0.972222 0.070312 0.047222
2 0.265625 0.851389 0.025000 0.052778
2 0.559375 0.892361 0.064062 0.095833
2 0.634766 0.790972 0.055469 0.162500
2 0.769922 0.759028 0.047656 0.059722
2 0.781641 0.857639 0.030469 0.065278
2 0.770703 0.964583 0.047656 0.068056
0 0.052734 0.969444 0.088281 0.058333
0 0.308984 0.948611 0.066406 0.102778
0 0.495703 0.947222 0.180469 0.102778
0 0.680469 0.943750 0.134375 0.109722
0 0.929297 0.920833 0.141406 0.155556
