0 0.049219 0.829167 0.085938 0.341667
0 0.210156 0.838194 0.098438 0.262500
0 0.420703 0.822222 0.199219 0.330556
0 0.602344 0.851389 0.151562 0.294444
0 0.830859 0.859722 0.174219 0.280556
0 0.988672 0.846528 0.022656 0.218056
2 0.111328 0.813889 0.044531 0.094444
2 0.155469 0.836111 0.037500 0.188889
2 0.422656 0.606944 0.040625 0.094444
2 0.610547 0.684028 0.086719 0.062500
2 0.716797 0.684028 0.055469 0.112500
2 0.705078 0.901389 0.066406 0.097222
2 0.916406 0.669444 0.053125 0.072222
2 0.957031 0.981250 0.060938 0.037500
