0 0.018750 0.715972 0.035937 0.190278
0 0.202734 0.686806 0.163281 0.301389
0 0.431250 0.649306 0.164062 0.273611
0 0.858984 0.704167 0.146094 0.327778
0 0.014844 0.079167 0.026563 0.133333
0 0.221484 0.122917 0.167969 0.243056
0 0.423438 0.108333 0.110937 0.213889
0 0.638672 0.102083 0.197656 0.204167
0 0.827344 0.119444 0.159375 0.233333
0 0.980859 0.137500 0.038281 0.183333
2 0.041406 0.585417 0.043750 0.112500
2 0.366406 0.268056 0.093750 0.072222
2 0.330078 0.055556 0.046094 0.091667
2 0.546094 0.400694 0.048437 0.129167
2 0.700000 0.425000 0.028125 0.061111
2 0.793359 0.295139 0.027344 0.087500
2 0.927734 0.134028 0.055469 0.095833
2 0.945703 0.918750 0.061719 0.106944
2 0.724609 0.875000 0.036719 0.083333
2 0.791016 0.950000 0.038281 0.077778
2 0.616016 0.924306 0.046094 0.106944
2 0.607813 0.684028 0.029687 0.056944
2 0.118750 0.766667 0.045313 0.061111
2 0.491797 0.952778 0.024219 0.025000
2 0.403906 0.346528 0.014062 0.059722
