0 0.114453 0.452083 0.188281 0.343056
0 0.318750 0.424306 0.154687 0.368056
0 0.512891 0.413889 0.175781 0.388889
0 0.713672 0.366667 0.188281 0.338889
0 0.912500 0.353472 0.175000 0.331944
0 0.058984 0.940278 0.117969 0.116667
0 0.310937 0.929167 0.173438 0.138889
0 0.505078 0.930556 0.186719 0.138889
0 0.747266 0.898611 0.175781 0.202778
0 0.925781 0.912500 0.148438 0.175000
2 0.435156 0.116667 0.098438 0.127778
2 0.071875 0.810417 0.114063 0.140278
2 0.444531 0.777083 0.048437 0.106944
2 0.682422 0.678472 0.069531 0.120833
2 0.704687 0.150694 0.043750 0.059722
