0 0.047656 0.134028 0.092188 0.259722
0 0.189844 0.118056 0.176563 0.230556
0 0.051953 0.651389 0.097656 0.322222
0 0.213281 0.639583 0.170312 0.295833
0 0.419141 0.099306 0.138281 0.195833
0 0.432422 0.625000 0.153906 0.330556
0 0.658203 0.597917 0.167969 0.315278
0 0.860937 0.588194 0.179688 0.320833
0 0.607031 0.104167 0.196875 0.202778
0 0.798047 0.074306 0.150781 0.145833
2 0.606641 0.318750 0.038281 0.101389
2 0.978125 0.544444 0.037500 0.091667
2 0.965234 0.130556 0.047656 0.102778
2 0.891797 0.225000 0.028906 0.044444
2 0.684375 0.388889 0.037500 0.086111
2 0.535547 0.766667 0.041406 0.055556
2 0.226562 0.340972 0.021875 0.051389
