2 0.082031 0.602083 0.048437 0.129167
2 0.230859 0.638889 0.032031 0.083333
2 0.134766 0.885417 0.022656 0.034722
2 0.093359 0.877778 0.019531 0.050000
2 0.474609 0.139583 0.050781 0.106944
2 0.466797 0.358333 0.057031 0.088889
2 0.680859 0.139583 0.058594 0.059722
2 0.925781 0.268750 0.017188 0.040278
2 0.912891 0.329861 0.013281 0.051389
2 0.958594 0.319444 0.040625 0.055556
2 0.941406 0.378472 0.046875 0.048611
2 0.713281 0.471528 0.065625 0.081944
2 0.746484 0.546528 0.052344 0.076389
2 0.778906 0.622222 0.051562 0.088889
2 0.699219 0.645139 0.037500 0.048611
2 0.883984 0.809028 0.044531 0.143056
2 0.895703 0.600694 0.044531 0.084722
2 0.974609 0.569444 0.050781 0.113889
2 0.818750 0.165972 0.046875 0.081944
2 0.992578 0.095139 0.014844 0.043056
2 0.326953 0.514583 0.024219 0.081944
2 0.182031 0.065972 0.026563 0.070833
0 0.184766 0.260417 0.199219 0.348611
0 0.363672 0.302778 0.141406 0.330556
0 0.021484 0.821528 0.042969 0.237500
0 0.386328 0.878472 0.147656 0.240278
0 0.590625 0.331944 0.167187 0.333333
0 0.598437 0.898611 0.167187 0.202778
0 0.790234 0.870833 0.174219 0.258333
0 0.793750 0.323611 0.145313 0.255556
0 0.989844 0.923611 0.020312 0.150000
