2 0.046094 0.465278 0.087500 0.125000
2 0.101562 0.556944 0.065625 0.086111
2 0.138672 0.946528 0.064844 0.104167
2 0.205078 0.659722 0.042969 0.158333
2 0.271094 0.980556 0.068750 0.038889
2 0.664453 0.456944 0.049219 0.166667
2 0.802734 0.434028 0.053906 0.054167
2 0.810938 0.520833 0.035937 0.061111
2 0.803125 0.729861 0.046875 0.243056
2 0.591016 0.544444 0.042969 0.069444
0 0.099609 0.758333 0.163281 0.325000
0 0.312109 0.732639 0.161719 0.359722
0 0.512500 0.709722 0.187500 0.361111
0 0.708984 0.704861 0.138281 0.331944
0 0.946094 0.726389 0.107813 0.377778
2 0.874609 0.937500 0.052344 0.122222
