2 0.167187 0.681250 0.073437 0.168056
2 0.577344 0.660417 0.056250 0.109722
2 0.740234 0.705556 0.052344 0.094444
2 0.768359 0.571528 0.046094 0.134722
2 0.966016 0.609722 0.058594 0.072222
2 0.967578 0.888194 0.064844 0.223611
2 0.982031 0.725694 0.035937 0.101389
2 0.689844 0.051389 0.031250 0.063889
2 0.698047 0.143750 0.033594 0.059722
0 0.045703 0.443056 0.091406 0.411111
0 0.045703 0.930556 0.089844 0.136111
0 0.230078 0.899306 0.175781 0.198611
0 0.203906 0.371528 0.164062 0.348611
0 0.412109 0.348611 0.186719 0.350000
0 0.433984 0.910417 0.177344 0.176389
0 0.651172 0.891667 0.183594 0.213889
0 0.843359 0.877083 0.169531 0.245833
0 0.619922 0.341667 0.153906 0.313889
0 0.866797 0.323611 0.160156 0.366667
