2 0.138281 0.679861 0.109375 0.168056
2 0.333984 0.713194 0.044531 0.098611
2 0.358984 0.564583 0.036719 0.123611
2 0.611328 0.643750 0.167969 0.268056
2 0.564062 0.890972 0.078125 0.215278
2 0.898828 0.665972 0.058594 0.112500
2 0.143750 0.079861 0.043750 0.137500
2 0.289844 0.109722 0.042188 0.152778
2 0.817187 0.032639 0.060938 0.059722
0 0.046875 0.367361 0.087500 0.370833
0 0.056641 0.910417 0.113281 0.176389
0 0.241406 0.885417 0.182812 0.226389
0 0.434375 0.875694 0.176563 0.245833
0 0.705078 0.872917 0.161719 0.251389
0 0.896484 0.868750 0.167969 0.259722
0 0.216406 0.345139 0.192188 0.326389
0 0.457422 0.315972 0.158594 0.412500
0 0.700781 0.281250 0.185937 0.345833
0 0.902734 0.229861 0.163281 0.343056
