0 0.269922 0.440972 0.192969 0.326389
0 0.464063 0.418056 0.171875 0.355556
0 0.671875 0.418750 0.179688 0.359722
0 0.879297 0.364583 0.155469 0.362500
0 0.200000 0.934722 0.123438 0.127778
0 0.459375 0.920833 0.173438 0.158333
0 0.667969 0.927778 0.179688 0.141667
0 0.908594 0.906250 0.182812 0.187500
2 0.126172 0.408333 0.097656 0.211111
2 0.132031 0.788889 0.068750 0.116667
2 0.084766 0.912500 0.102344 0.158333
2 0.253516 0.806944 0.064844 0.122222
2 0.603125 0.770833 0.046875 0.119444
2 0.835547 0.674306 0.072656 0.145833
2 0.598437 0.109722 0.100000 0.108333
