0 0.942969 0.265278 0.114063 0.336111
0 0.945703 0.844444 0.108594 0.308333
0 0.760156 0.853472 0.184375 0.290278
0 0.554688 0.830556 0.203125 0.325000
0 0.330469 0.854167 0.181250 0.277778
0 0.129297 0.840972 0.169531 0.315278
0 0.030859 0.225000 0.061719 0.205556
0 0.157031 0.260417 0.148438 0.362500
0 0.356641 0.281944 0.171094 0.366667
0 0.558203 0.261806 0.169531 0.343056
0 0.764063 0.251389 0.187500 0.325000
2 0.268750 0.638194 0.043750 0.098611
2 0.515625 0.561111 0.073437 0.136111
2 0.919922 0.573611 0.067969 0.108333
2 0.849609 0.578472 0.046094 0.176389
2 0.192188 0.471528 0.032812 0.056944
2 0.390625 0.684028 0.034375 0.059722
2 0.247266 0.494444 0.032031 0.058333
2 0.290234 0.027083 0.072656 0.051389
2 0.839063 0.076389 0.045313 0.066667
