0 0.953125 0.322222 0.093750 0.361111
0 0.752734 0.327083 0.177344 0.326389
0 0.532422 0.340972 0.203906 0.315278
0 0.117969 0.935417 0.175000 0.129167
0 0.369922 0.893750 0.161719 0.209722
0 0.558594 0.900694 0.175000 0.195833
0 0.774609 0.882639 0.178906 0.231944
0 0.943750 0.880556 0.112500 0.236111
0 0.328906 0.377778 0.181250 0.316667
0 0.130469 0.427778 0.178125 0.402778
2 0.057422 0.111111 0.099219 0.147222
2 0.056641 0.780556 0.057031 0.102778
2 0.293750 0.672222 0.067188 0.122222
2 0.667578 0.685417 0.096094 0.179167
2 0.868359 0.704861 0.074219 0.065278
2 0.898828 0.583333 0.038281 0.105556
2 0.820703 0.050000 0.038281 0.077778
2 0.825391 0.127778 0.019531 0.058333
2 0.676172 0.070833 0.041406 0.141667
