0 0.073828 0.350000 0.146094 0.313889
0 0.075391 0.907639 0.141406 0.184722
0 0.282031 0.350694 0.164062 0.318056
0 0.474609 0.347222 0.183594 0.377778
0 0.702344 0.345139 0.142188 0.343056
0 0.888281 0.372222 0.196875 0.416667
0 0.274609 0.881944 0.186719 0.233333
0 0.483984 0.897917 0.172656 0.204167
0 0.700000 0.889583 0.167187 0.220833
0 0.919531 0.883333 0.160938 0.233333
2 0.285156 0.092361 0.045313 0.068056
2 0.043359 0.761806 0.042969 0.073611
2 0.146094 0.662500 0.067188 0.091667
2 0.494922 0.645139 0.030469 0.045833
2 0.876562 0.646528 0.037500 0.087500
2 0.953125 0.725000 0.043750 0.102778
2 0.782812 0.124306 0.039062 0.090278
2 0.816797 0.190972 0.046094 0.098611
