2 0.087891 0.653472 0.164844 0.234722
2 0.030859 0.897222 0.060156 0.202778
2 0.355469 0.664583 0.062500 0.104167
2 0.708984 0.648611 0.036719 0.088889
2 0.909766 0.468056 0.041406 0.072222
2 0.954297 0.498611 0.055469 0.102778
2 0.671875 0.133333 0.045313 0.119444
0 0.155078 0.297917 0.199219 0.351389
0 0.371484 0.261111 0.152344 0.341667
0 0.562109 0.226389 0.188281 0.352778
0 0.778125 0.220139 0.168750 0.359722
0 0.953125 0.179167 0.093750 0.352778
0 0.371484 0.870833 0.180469 0.255556
0 0.590234 0.840972 0.180469 0.318056
0 0.815234 0.770833 0.197656 0.397222
0 0.966406 0.786111 0.067188 0.258333
2 0.282031 0.029167 0.048437 0.052778
