0 0.069531 0.335417 0.139062 0.359722
0 0.069922 0.892361 0.139844 0.212500
0 0.251953 0.862500 0.180469 0.266667
0 0.543359 0.897917 0.188281 0.201389
0 0.258594 0.319444 0.134375 0.225000
0 0.545703 0.344444 0.169531 0.294444
0 0.767969 0.339583 0.173438 0.334722
0 0.933203 0.346528 0.133594 0.370833
0 0.758203 0.888889 0.178906 0.222222
0 0.941406 0.900000 0.117188 0.197222
2 0.183594 0.474306 0.071875 0.101389
2 0.143750 0.134028 0.048437 0.068056
2 0.211328 0.546528 0.042969 0.081944
2 0.242969 0.618750 0.034375 0.090278
2 0.369531 0.593750 0.070312 0.084722
2 0.280078 0.161806 0.053906 0.084722
2 0.462500 0.089583 0.046875 0.056944
2 0.768359 0.090278 0.046094 0.066667
2 0.626172 0.659028 0.064844 0.106944
2 0.524219 0.759722 0.039062 0.063889
2 0.412891 0.326389 0.066406 0.158333
2 0.448047 0.567361 0.053906 0.101389
2 0.164062 0.650694 0.035937 0.048611
2 0.350000 0.809722 0.034375 0.125000
2 0.983984 0.642361 0.024219 0.048611
