2 0.283203 0.409722 0.110156 0.138889
2 0.081250 0.369444 0.059375 0.038889
2 0.139844 0.454167 0.014062 0.022222
2 0.173828 0.401389 0.028906 0.038889
2 0.207422 0.415278 0.025781 0.072222
2 0.465234 0.371528 0.036719 0.059722
2 0.325391 0.599306 0.053906 0.134722
2 0.600391 0.911111 0.142969 0.175000
2 0.853125 0.832639 0.037500 0.087500
2 0.908984 0.916667 0.053906 0.086111
2 0.681250 0.359028 0.050000 0.070833
0 0.048047 0.688889 0.091406 0.372222
0 0.213672 0.656250 0.189844 0.368056
0 0.428906 0.664583 0.157813 0.373611
0 0.644141 0.611806 0.191406 0.420833
0 0.873438 0.559722 0.154687 0.297222
