2 0.148438 0.418056 0.053125 0.108333
2 0.306250 0.376389 0.057813 0.036111
2 0.361328 0.454861 0.016406 0.029167
2 0.411719 0.406250 0.054688 0.070833
2 0.500781 0.406250 0.092188 0.118056
2 0.683203 0.365278 0.044531 0.063889
2 0.876172 0.349306 0.108594 0.068056
2 0.831250 0.912500 0.157813 0.172222
2 0.546484 0.584722 0.050781 0.150000
2 0.124219 0.811806 0.037500 0.068056
0 0.055078 0.701389 0.108594 0.361111
0 0.237109 0.697222 0.160156 0.361111
0 0.430078 0.656944 0.192969 0.347222
0 0.648828 0.661806 0.158594 0.354167
0 0.863281 0.604861 0.193750 0.415278
