2 0.228516 0.121528 0.111719 0.140278
2 0.410937 0.293750 0.035937 0.176389
2 0.473828 0.693056 0.057031 0.163889
2 0.880859 0.661806 0.067969 0.112500
2 0.808984 0.679861 0.032031 0.118056
2 0.342969 0.618750 0.048437 0.109722
2 0.236328 0.787500 0.046094 0.130556
2 0.232031 0.597222 0.068750 0.075000
0 0.102344 0.427778 0.162500 0.361111
0 0.094922 0.921528 0.183594 0.154167
0 0.298828 0.936806 0.175781 0.123611
0 0.539844 0.897222 0.167187 0.202778
0 0.729688 0.909722 0.168750 0.177778
0 0.930859 0.890972 0.138281 0.215278
0 0.302344 0.406944 0.173438 0.361111
0 0.508984 0.367361 0.161719 0.373611
0 0.710156 0.345139 0.171875 0.373611
0 0.917969 0.368056 0.164062 0.330556
