2 0.138672 0.522917 0.049219 0.087500
2 0.192578 0.615278 0.053906 0.083333
2 0.243750 0.752083 0.035937 0.109722
2 0.542969 0.243056 0.045313 0.091667
2 0.544141 0.440972 0.022656 0.048611
2 0.584766 0.457639 0.058594 0.062500
2 0.608203 0.525000 0.030469 0.072222
2 0.750781 0.604861 0.046875 0.140278
2 0.898828 0.639583 0.030469 0.073611
2 0.990234 0.509722 0.019531 0.063889
2 0.807031 0.888194 0.018750 0.031944
2 0.044531 0.876389 0.050000 0.055556
0 0.061328 0.229861 0.122656 0.140278
0 0.154297 0.833333 0.160156 0.333333
0 0.160547 0.236111 0.153906 0.300000
0 0.427344 0.254861 0.167187 0.381944
0 0.633203 0.270139 0.117969 0.273611
0 0.847656 0.269444 0.190625 0.330556
0 0.979688 0.321528 0.040625 0.262500
0 0.400000 0.841667 0.173438 0.313889
0 0.630859 0.850694 0.164844 0.295833
