2 0.404297 0.043750 0.096094 0.084722
2 0.531641 0.140278 0.052344 0.083333
2 0.501953 0.217361 0.066406 0.106944
2 0.497656 0.304861 0.028125 0.054167
2 0.355859 0.497222 0.046094 0.094444
2 0.273047 0.578472 0.025781 0.034722
2 0.292188 0.314583 0.023438 0.034722
2 0.512500 0.593750 0.064062 0.115278
2 0.465234 0.737500 0.096094 0.155556
2 0.358984 0.903472 0.064844 0.104167
2 0.062500 0.738194 0.046875 0.084722
2 0.617969 0.647222 0.057813 0.125000
2 0.890625 0.470833 0.020312 0.044444
2 0.944141 0.500000 0.036719 0.063889
2 0.970312 0.635417 0.048437 0.109722
2 0.820703 0.672917 0.033594 0.062500
2 0.728516 0.544444 0.075781 0.088889
2 0.119922 0.731944 0.024219 0.052778
2 0.761719 0.124306 0.043750 0.051389
0 0.047266 0.343056 0.094531 0.330556
0 0.197266 0.327083 0.167969 0.326389
0 0.058984 0.884722 0.117969 0.227778
0 0.231641 0.886806 0.189844 0.226389
0 0.566406 0.857639 0.173438 0.279167
0 0.651172 0.274306 0.191406 0.326389
0 0.842578 0.261806 0.167969 0.368056
0 0.831250 0.846528 0.170312 0.306944
0 0.969922 0.835417 0.060156 0.170833
0 0.983203 0.299306 0.033594 0.337500
