0 0.067188 0.112500 0.132812 0.222222
0 0.227734 0.123611 0.152344 0.236111
0 0.260547 0.694444 0.149219 0.333333
0 0.471875 0.728472 0.167187 0.334722
0 0.670313 0.704167 0.176563 0.327778
0 0.932813 0.695139 0.132812 0.340278
0 0.450781 0.148611 0.170312 0.297222
0 0.657031 0.091667 0.128125 0.177778
0 0.928906 0.108333 0.142188 0.197222
2 0.329297 0.133333 0.060156 0.080556
2 0.100391 0.427083 0.035156 0.079167
2 0.191406 0.286111 0.028125 0.072222
2 0.018750 0.924306 0.037500 0.093056
2 0.124609 0.859028 0.047656 0.081944
2 0.190234 0.950000 0.036719 0.047222
2 0.342578 0.908333 0.063281 0.086111
2 0.579297 0.215972 0.066406 0.073611
2 0.614453 0.305556 0.047656 0.091667
2 0.650781 0.372917 0.032812 0.051389
2 0.569531 0.404861 0.031250 0.059722
2 0.769531 0.347222 0.068750 0.091667
2 0.759766 0.551389 0.044531 0.138889
2 0.930859 0.486111 0.049219 0.066667
2 0.806641 0.079167 0.083594 0.108333
2 0.850391 0.299306 0.046094 0.081944
