0 0.693359 0.173611 0.167969 0.300000
0 0.457422 0.199306 0.180469 0.301389
0 0.210156 0.194444 0.156250 0.341667
0 0.030469 0.244444 0.060938 0.338889
2 0.090625 0.270139 0.057813 0.298611
2 0.058984 0.532639 0.078906 0.062500
2 0.176172 0.436111 0.075781 0.063889
2 0.299609 0.103472 0.042969 0.129167
2 0.375000 0.274306 0.042188 0.079167
2 0.885938 0.461111 0.071875 0.116667
2 0.973047 0.379861 0.053906 0.101389
2 0.969922 0.176389 0.060156 0.211111
2 0.850391 0.221528 0.074219 0.104167
2 0.773828 0.322222 0.033594 0.050000
2 0.748828 0.465972 0.041406 0.048611
