0 0.053125 0.234028 0.106250 0.343056
0 0.223438 0.225694 0.167187 0.348611
0 0.433203 0.184722 0.188281 0.350000
0 0.587109 0.006944 0.000781 0.013889
0 0.662500 0.122222 0.153125 0.236111
0 0.929688 0.134028 0.140625 0.262500
0 0.063281 0.838889 0.126563 0.319444
0 0.252734 0.802778 0.183594 0.319444
0 0.459375 0.760417 0.160938 0.337500
0 0.677734 0.694444 0.155469 0.338889
0 0.919922 0.686111 0.160156 0.347222
2 0.123828 0.143750 0.038281 0.109722
2 0.351172 0.473611 0.049219 0.063889
2 0.395312 0.504167 0.065625 0.088889
2 0.653125 0.373611 0.039062 0.088889
2 0.709766 0.456944 0.060156 0.077778
2 0.558594 0.863194 0.042188 0.073611
2 0.640625 0.925000 0.057813 0.066667
2 0.569141 0.734028 0.049219 0.059722
2 0.763672 0.597222 0.055469 0.105556
2 0.837891 0.775694 0.052344 0.076389
2 0.857422 0.238889 0.052344 0.094444
