2 0.193359 0.145139 0.060156 0.131944
2 0.346094 0.240972 0.067188 0.118056
2 0.309766 0.353472 0.092969 0.137500
2 0.211328 0.544444 0.064844 0.097222
2 0.369922 0.714583 0.113281 0.048611
2 0.466797 0.275000 0.061719 0.133333
2 0.448047 0.089583 0.072656 0.093056
2 0.809375 0.222917 0.059375 0.068056
0 0.086719 0.600000 0.173438 0.363889
0 0.046875 0.089583 0.093750 0.159722
0 0.411719 0.490278 0.181250 0.350000
0 0.673437 0.484722 0.165625 0.369444
0 0.875391 0.451389 0.174219 0.330556
2 0.819141 0.037500 0.047656 0.066667
2 0.921484 0.052778 0.057031 0.100000
0 0.462109 0.027778 0.117969 0.050000
0 0.695703 0.019444 0.103906 0.038889
