2 0.082813 0.150694 0.059375 0.106944
2 0.288672 0.147222 0.053906 0.063889
2 0.606641 0.088889 0.046094 0.063889
2 0.912891 0.092361 0.049219 0.070833
0 0.022266 0.312500 0.044531 0.319444
0 0.199609 0.354167 0.166406 0.369444
0 0.398828 0.334722 0.144531 0.236111
0 0.691016 0.351389 0.158594 0.316667
0 0.914844 0.348611 0.170312 0.355556
0 0.033984 0.888194 0.067969 0.220833
0 0.212500 0.904861 0.157813 0.187500
0 0.398047 0.895139 0.180469 0.209722
0 0.687109 0.917361 0.189844 0.162500
0 0.908203 0.888889 0.182031 0.219444
2 0.075781 0.365972 0.059375 0.081944
2 0.326562 0.479167 0.067188 0.075000
2 0.355859 0.553472 0.063281 0.084722
2 0.386328 0.631250 0.036719 0.070833
2 0.307031 0.655556 0.034375 0.058333
2 0.532031 0.272222 0.028125 0.050000
2 0.525000 0.333333 0.015625 0.050000
2 0.563281 0.356250 0.060938 0.101389
2 0.593359 0.579167 0.052344 0.108333
2 0.509766 0.613889 0.058594 0.088889
2 0.497656 0.815278 0.031250 0.138889
2 0.673047 0.765278 0.046094 0.069444
2 0.772266 0.665972 0.064844 0.098611
2 0.427344 0.171528 0.043750 0.076389
