0 0.028125 0.284722 0.056250 0.311111
0 0.023047 0.855556 0.046094 0.286111
0 0.159766 0.865278 0.178906 0.266667
0 0.184766 0.284028 0.172656 0.323611
0 0.383203 0.258333 0.164844 0.344444
0 0.592578 0.238889 0.188281 0.327778
0 0.798047 0.268056 0.152344 0.325000
0 0.984375 0.247222 0.031250 0.263889
0 0.387891 0.842361 0.191406 0.312500
0 0.588281 0.855556 0.181250 0.286111
0 0.817187 0.854167 0.184375 0.288889
0 0.964844 0.838194 0.070312 0.320833
2 0.098047 0.641667 0.044531 0.097222
2 0.075391 0.494444 0.035156 0.058333
2 0.020703 0.470139 0.022656 0.051389
2 0.342969 0.566667 0.084375 0.144444
2 0.223047 0.681250 0.035156 0.076389
2 0.746484 0.575694 0.053906 0.098611
2 0.679688 0.617361 0.046875 0.059722
2 0.673828 0.547222 0.014844 0.058333
2 0.944922 0.515972 0.047656 0.123611
2 0.913672 0.628472 0.052344 0.076389
2 0.886719 0.072917 0.042188 0.068056
