2 0.034375 0.661111 0.068750 0.127778
2 0.231250 0.470833 0.046875 0.080556
2 0.307031 0.497222 0.121875 0.130556
2 0.536719 0.372917 0.050000 0.095833
2 0.591797 0.461111 0.055469 0.080556
2 0.644141 0.596528 0.049219 0.140278
2 0.713281 0.546528 0.026563 0.056944
2 0.447656 0.733333 0.053125 0.061111
2 0.441016 0.863194 0.039844 0.084722
2 0.521875 0.929861 0.060938 0.048611
2 0.725781 0.790972 0.051562 0.070833
2 0.961328 0.259028 0.072656 0.076389
2 0.930859 0.060417 0.050781 0.098611
0 0.101953 0.230556 0.164844 0.369444
0 0.130859 0.779861 0.167969 0.343056
0 0.340625 0.762500 0.159375 0.366667
0 0.314844 0.185417 0.195312 0.345833
0 0.547656 0.123611 0.157813 0.233333
0 0.826953 0.138194 0.167969 0.223611
0 0.981641 0.097917 0.036719 0.143056
0 0.979297 0.639583 0.041406 0.226389
0 0.808594 0.696528 0.154687 0.304167
