2 0.309766 0.608333 0.047656 0.066667
2 0.261328 0.843750 0.083594 0.154167
2 0.030078 0.977083 0.060156 0.045833
2 0.128125 0.693750 0.051562 0.090278
2 0.008594 0.681944 0.017188 0.036111
2 0.614453 0.598611 0.053906 0.069444
2 0.699609 0.978472 0.027344 0.043056
2 0.528906 0.954861 0.064062 0.079167
2 0.234375 0.971528 0.020312 0.034722
0 0.110547 0.855556 0.130469 0.241667
0 0.395703 0.856944 0.171094 0.283333
0 0.609766 0.849306 0.189844 0.298611
0 0.806250 0.841667 0.182812 0.313889
0 0.977734 0.815972 0.044531 0.290278
