0 0.112109 0.518056 0.089844 0.205556
0 0.307031 0.496528 0.103125 0.179167
0 0.534375 0.461111 0.090625 0.213889
0 0.719922 0.423611 0.105469 0.163889
0 0.925391 0.383333 0.108594 0.180556
1 0.013281 0.642361 0.026563 0.093056
1 0.261719 0.223611 0.115625 0.200000
1 0.447266 0.211806 0.080469 0.123611
1 0.535937 0.261806 0.101562 0.162500
1 0.682813 0.031944 0.045313 0.058333
1 0.840625 0.386806 0.132812 0.359722
1 0.493359 0.663889 0.041406 0.100000
1 0.466016 0.460417 0.096094 0.248611
1 0.170703 0.504861 0.114844 0.226389
1 0.076563 0.680556 0.059375 0.138889
1 0.200000 0.615972 0.171875 0.295833
