0 0.021484 0.388194 0.042969 0.156944
0 0.183594 0.406250 0.087500 0.187500
0 0.226562 0.495833 0.001563 0.008333
0 0.369141 0.352083 0.078906 0.240278
0 0.573047 0.348611 0.092969 0.211111
0 0.956250 0.333333 0.087500 0.194444
1 0.160547 0.546528 0.157031 0.179167
1 0.311328 0.542361 0.144531 0.187500
1 0.583594 0.513889 0.059375 0.108333
1 0.698047 0.507639 0.061719 0.098611
1 0.688281 0.263194 0.065625 0.145833
1 0.407031 0.034722 0.054688 0.058333
1 0.809375 0.075694 0.081250 0.140278
1 0.919922 0.502083 0.153906 0.131944
1 0.942969 0.393056 0.060938 0.122222
1 0.929688 0.024306 0.043750 0.043056
