0 0.016406 0.638889 0.032812 0.100000
0 0.175391 0.568750 0.110156 0.198611
0 0.370703 0.561111 0.108594 0.166667
0 0.577734 0.520833 0.094531 0.202778
0 0.765625 0.491667 0.103125 0.172222
0 0.970703 0.465972 0.058594 0.218056
0 0.163281 0.027083 0.059375 0.051389
0 0.391797 0.015278 0.050781 0.027778
1 0.033594 0.342361 0.067188 0.243056
1 0.177344 0.148611 0.070312 0.188889
1 0.280078 0.194444 0.160156 0.241667
1 0.286328 0.565972 0.080469 0.323611
1 0.420312 0.655556 0.121875 0.208333
1 0.534375 0.682639 0.048437 0.134722
1 0.667578 0.624306 0.175781 0.298611
1 0.643750 0.462500 0.076563 0.166667
1 0.726172 0.221528 0.107031 0.187500
1 0.907031 0.216667 0.089062 0.136111
1 0.967969 0.265972 0.064062 0.187500
1 0.933984 0.468056 0.110156 0.213889
1 0.951953 0.676389 0.038281 0.108333
