0 0.047266 0.761806 0.094531 0.190278
0 0.253906 0.715278 0.093750 0.183333
0 0.432422 0.714583 0.089844 0.176389
0 0.660937 0.611806 0.121875 0.198611
0 0.874219 0.629861 0.100000 0.184722
0 0.067969 0.141667 0.078125 0.175000
0 0.346875 0.071528 0.114063 0.140278
0 0.572266 0.060417 0.100781 0.120833
0 0.813672 0.043056 0.072656 0.086111
1 0.030078 0.586806 0.060156 0.151389
1 0.155469 0.797917 0.092188 0.184722
1 0.123047 0.938889 0.052344 0.055556
1 0.147266 0.381250 0.066406 0.212500
1 0.249609 0.389583 0.130469 0.248611
1 0.348828 0.511111 0.052344 0.122222
1 0.719531 0.493750 0.079687 0.154167
1 0.864453 0.324306 0.194531 0.281944
1 0.707031 0.828472 0.060938 0.104167
1 0.579297 0.847222 0.085156 0.091667
1 0.170312 0.159028 0.031250 0.131944
