0 0.053516 0.636806 0.107031 0.193056
0 0.276563 0.652083 0.100000 0.173611
0 0.464063 0.713194 0.085938 0.204167
0 0.675781 0.667361 0.118750 0.226389
0 0.894141 0.740972 0.097656 0.159722
0 0.153516 0.052778 0.080469 0.105556
0 0.435547 0.069444 0.105469 0.130556
0 0.651172 0.087500 0.092969 0.158333
0 0.882812 0.122917 0.085938 0.181944
1 0.046875 0.461111 0.093750 0.169444
1 0.164062 0.702083 0.100000 0.168056
1 0.119922 0.820139 0.039844 0.056944
1 0.030078 0.070833 0.060156 0.130556
1 0.200391 0.288889 0.078906 0.233333
1 0.293750 0.334722 0.129688 0.236111
1 0.393750 0.465972 0.054688 0.120833
1 0.584375 0.884722 0.103125 0.102778
1 0.696875 0.910417 0.107813 0.126389
1 0.760156 0.572222 0.085938 0.147222
1 0.911328 0.453472 0.164844 0.298611
1 0.248828 0.072222 0.033594 0.119444
