1 0.375391 0.581250 0.075781 0.162500
1 0.468359 0.584028 0.057031 0.212500
1 0.530859 0.906944 0.211719 0.186111
1 0.585547 0.717361 0.094531 0.198611
1 0.663672 0.790278 0.057031 0.102778
1 0.574219 0.311111 0.060938 0.102778
1 0.425391 0.095139 0.047656 0.126389
1 0.816016 0.184028 0.111719 0.193056
1 0.664453 0.229167 0.027344 0.066667
1 0.687891 0.362500 0.082031 0.158333
1 0.681641 0.500694 0.150781 0.248611
1 0.835547 0.750000 0.099219 0.330556
1 0.793750 0.931944 0.050000 0.080556
1 0.899609 0.572222 0.078906 0.147222
1 0.958984 0.449306 0.060156 0.090278
1 0.368750 0.093056 0.050000 0.086111
0 0.341797 0.804167 0.091406 0.161111
0 0.455859 0.198611 0.094531 0.172222
0 0.727734 0.155556 0.116406 0.180556
0 0.951563 0.127083 0.082813 0.156944
0 0.919922 0.759028 0.107031 0.184722
