1 0.235156 0.513194 0.059375 0.106944
1 0.020312 0.538889 0.040625 0.186111
1 0.344922 0.261806 0.069531 0.154167
1 0.354688 0.511111 0.062500 0.105556
1 0.462500 0.062500 0.078125 0.125000
1 0.590625 0.022222 0.062500 0.038889
1 0.560547 0.500000 0.125781 0.127778
1 0.594922 0.375000 0.060156 0.119444
1 0.866797 0.113194 0.052344 0.059722
0 0.032422 0.351389 0.064844 0.247222
0 0.224609 0.345833 0.086719 0.197222
0 0.617578 0.327778 0.099219 0.186111
0 0.822266 0.279167 0.089844 0.166667
0 0.976562 0.249306 0.046875 0.198611
