1 0.023438 0.258333 0.046875 0.133333
1 0.077344 0.338194 0.154687 0.254167
1 0.189844 0.476389 0.050000 0.125000
1 0.045313 0.072222 0.039062 0.122222
1 0.378906 0.876389 0.071875 0.119444
1 0.499609 0.909722 0.077344 0.108333
1 0.558594 0.594444 0.079687 0.150000
1 0.716406 0.454167 0.179688 0.291667
1 0.945703 0.388889 0.108594 0.261111
1 0.976953 0.734722 0.046094 0.222222
0 0.072656 0.644444 0.106250 0.197222
0 0.258594 0.700694 0.096875 0.193056
0 0.232031 0.060417 0.110937 0.120833
0 0.448438 0.087500 0.096875 0.144444
0 0.684766 0.125000 0.083594 0.166667
0 0.472266 0.681944 0.132031 0.213889
0 0.691797 0.753472 0.100781 0.173611
0 0.890625 0.756250 0.103125 0.198611
0 0.936719 0.151389 0.075000 0.211111
