1 0.886328 0.687500 0.160156 0.269444
1 0.862109 0.049306 0.061719 0.079167
1 0.655078 0.263194 0.097656 0.173611
1 0.660547 0.593750 0.114844 0.209722
1 0.582031 0.879861 0.125000 0.237500
1 0.839844 0.881944 0.100000 0.147222
1 0.357422 0.908333 0.196094 0.180556
1 0.205078 0.800000 0.096094 0.313889
1 0.198828 0.385417 0.210156 0.373611
1 0.300781 0.108333 0.042188 0.077778
0 0.134375 0.159028 0.078125 0.204167
0 0.087109 0.763889 0.111719 0.191667
0 0.273047 0.822917 0.111719 0.168056
0 0.484375 0.847917 0.087500 0.209722
0 0.675000 0.871528 0.104687 0.165278
0 0.900391 0.915972 0.097656 0.165278
0 0.357031 0.224306 0.095312 0.204167
0 0.572656 0.238889 0.106250 0.186111
0 0.753516 0.282639 0.091406 0.198611
0 0.972656 0.297917 0.054688 0.198611
