1 0.051562 0.096528 0.045313 0.115278
1 0.057031 0.586806 0.060938 0.170833
1 0.141797 0.604167 0.078906 0.211111
1 0.204688 0.901389 0.217187 0.191667
1 0.261719 0.709722 0.095312 0.169444
1 0.339844 0.792361 0.048437 0.118056
1 0.367969 0.506250 0.150000 0.259722
1 0.253125 0.313194 0.076563 0.115278
1 0.373828 0.350000 0.097656 0.125000
1 0.497656 0.180556 0.117188 0.197222
1 0.407031 0.023611 0.065625 0.047222
1 0.655078 0.043056 0.044531 0.080556
1 0.726172 0.157639 0.039844 0.118056
1 0.778516 0.402083 0.205469 0.237500
1 0.919141 0.513889 0.055469 0.125000
1 0.574609 0.581944 0.097656 0.138889
1 0.519531 0.749306 0.107813 0.334722
1 0.471094 0.922917 0.046875 0.079167
1 0.714453 0.843750 0.111719 0.204167
1 0.109375 0.098611 0.059375 0.163889
0 0.037891 0.810417 0.075781 0.170833
0 0.137500 0.209028 0.100000 0.173611
0 0.406250 0.161111 0.115625 0.177778
0 0.631250 0.129861 0.084375 0.173611
0 0.912500 0.084722 0.120312 0.144444
0 0.598828 0.761111 0.108594 0.188889
0 0.817187 0.708333 0.098438 0.177778
0 0.974219 0.701389 0.051562 0.191667
