0 0.040625 0.289583 0.081250 0.218056
0 0.272656 0.296528 0.079687 0.190278
0 0.504297 0.345139 0.083594 0.193056
0 0.739062 0.409028 0.106250 0.181944
0 0.952734 0.457639 0.082031 0.193056
0 0.009375 0.847917 0.018750 0.087500
0 0.187109 0.909722 0.110156 0.177778
0 0.375000 0.930556 0.106250 0.138889
0 0.583594 0.936111 0.100000 0.127778
0 0.763672 0.979861 0.061719 0.037500
0 0.947266 0.958333 0.036719 0.080556
1 0.147656 0.065278 0.045313 0.069444
1 0.171094 0.778472 0.171875 0.387500
1 0.411328 0.506250 0.139844 0.151389
1 0.513281 0.907639 0.135937 0.184722
1 0.596094 0.496528 0.073437 0.165278
1 0.518359 0.208333 0.057031 0.044444
1 0.666406 0.170833 0.085938 0.091667
1 0.677734 0.340972 0.072656 0.081944
1 0.883203 0.534028 0.080469 0.118056
