1 0.326953 0.175000 0.067969 0.172222
1 0.272266 0.276389 0.103906 0.180556
1 0.150391 0.372222 0.082031 0.105556
1 0.164453 0.516667 0.099219 0.180556
1 0.237109 0.622917 0.050781 0.087500
1 0.301953 0.530556 0.071094 0.130556
1 0.559375 0.281250 0.078125 0.162500
1 0.453125 0.044444 0.076563 0.088889
1 0.782812 0.062500 0.067188 0.097222
1 0.867188 0.257639 0.142188 0.365278
1 0.978125 0.579167 0.043750 0.344444
1 0.671484 0.634722 0.228906 0.233333
1 0.749219 0.468056 0.095312 0.127778
1 0.821875 0.576389 0.050000 0.102778
1 0.645312 0.313194 0.054688 0.215278
0 0.037891 0.427778 0.075781 0.194444
0 0.253906 0.461806 0.112500 0.173611
0 0.468750 0.520139 0.159375 0.223611
1 0.070312 0.611806 0.071875 0.090278
1 0.477734 0.372222 0.049219 0.091667
1 0.935156 0.743750 0.043750 0.101389
0 0.942578 0.034028 0.058594 0.065278
