0 0.274609 0.164583 0.114844 0.190278
0 0.495703 0.142361 0.078906 0.170833
0 0.779297 0.081250 0.111719 0.126389
0 0.972266 0.063889 0.055469 0.122222
0 0.857813 0.711806 0.089062 0.184722
0 0.675781 0.715278 0.101562 0.183333
0 0.464844 0.760417 0.106250 0.187500
0 0.025000 0.207639 0.050000 0.173611
1 0.021875 0.587500 0.043750 0.230556
1 0.092578 0.913194 0.185156 0.173611
1 0.131250 0.724306 0.089062 0.170833
1 0.210156 0.797917 0.051562 0.104167
1 0.117969 0.315278 0.068750 0.105556
1 0.234375 0.377778 0.076563 0.161111
1 0.229297 0.516667 0.152344 0.244444
1 0.274219 0.031944 0.078125 0.052778
1 0.365625 0.187500 0.117188 0.202778
1 0.572266 0.385417 0.075781 0.195833
1 0.673437 0.396528 0.126563 0.240278
1 0.777344 0.510417 0.062500 0.126389
1 0.581250 0.790972 0.081250 0.162500
1 0.445312 0.575000 0.090625 0.150000
1 0.376172 0.787500 0.105469 0.416667
1 0.588672 0.158333 0.044531 0.122222
1 0.647266 0.034722 0.016406 0.055556
1 0.521094 0.040972 0.043750 0.076389
1 0.980469 0.844444 0.039062 0.100000
1 0.542188 0.931944 0.048437 0.050000
