1 0.019141 0.477083 0.038281 0.118056
1 0.125781 0.316667 0.184375 0.261111
1 0.410547 0.176389 0.216406 0.275000
1 0.442578 0.559028 0.091406 0.334722
1 0.583594 0.652083 0.114063 0.259722
1 0.685156 0.677778 0.056250 0.144444
1 0.811328 0.618750 0.153906 0.279167
1 0.798437 0.483333 0.079687 0.186111
1 0.875000 0.206944 0.107813 0.213889
0 0.078906 0.044444 0.076563 0.083333
0 0.135547 0.614583 0.111719 0.154167
0 0.330078 0.565972 0.114844 0.201389
0 0.521094 0.548611 0.123438 0.200000
0 0.726953 0.516667 0.091406 0.197222
0 0.922266 0.486806 0.100781 0.176389
0 0.321484 0.025694 0.060156 0.051389
0 0.556250 0.017361 0.043750 0.029167
