0 0.163672 0.442361 0.100781 0.187500
0 0.368750 0.462500 0.115625 0.197222
0 0.592188 0.523611 0.150000 0.227778
1 0.054297 0.490972 0.108594 0.201389
1 0.189453 0.611806 0.061719 0.101389
1 0.282813 0.506250 0.100000 0.187500
1 0.362500 0.623611 0.060938 0.111111
1 0.419922 0.230556 0.132031 0.269444
1 0.575781 0.042361 0.078125 0.084722
1 0.678516 0.281250 0.069531 0.156944
1 0.759375 0.304861 0.068750 0.209722
1 0.794531 0.650000 0.226562 0.227778
1 0.864453 0.463194 0.092969 0.154167
1 0.939453 0.562500 0.055469 0.122222
1 0.953516 0.298611 0.092969 0.283333
1 0.899609 0.059722 0.063281 0.111111
1 0.978125 0.115972 0.043750 0.106944
