1 0.153516 0.219444 0.114844 0.194444
1 0.342969 0.220139 0.090625 0.126389
1 0.419922 0.278472 0.114844 0.173611
1 0.080859 0.477083 0.102344 0.162500
1 0.105859 0.624306 0.128906 0.298611
1 0.350391 0.459722 0.100781 0.225000
1 0.383984 0.663194 0.038281 0.095833
1 0.570703 0.029861 0.049219 0.056944
1 0.721875 0.386806 0.134375 0.340278
1 0.950391 0.538194 0.097656 0.184722
0 0.025391 0.526389 0.050781 0.169444
0 0.197656 0.481944 0.101562 0.183333
0 0.423047 0.470833 0.096094 0.183333
0 0.604297 0.433333 0.107031 0.186111
0 0.815234 0.377778 0.107031 0.158333
0 0.983984 0.394444 0.032031 0.141667
