0 0.006641 0.289583 0.013281 0.176389
0 0.164453 0.322222 0.094531 0.236111
0 0.366016 0.381944 0.124219 0.161111
0 0.544922 0.410417 0.113281 0.173611
0 0.778125 0.443056 0.090625 0.202778
0 0.964063 0.457639 0.062500 0.181944
1 0.067969 0.475000 0.107813 0.130556
1 0.346875 0.396528 0.201562 0.370833
1 0.560156 0.129861 0.153125 0.251389
1 0.667969 0.491667 0.132812 0.216667
1 0.808984 0.606944 0.074219 0.094444
1 0.898438 0.481944 0.095312 0.233333
1 0.976172 0.628472 0.039844 0.087500
1 0.983203 0.263889 0.028906 0.094444
