1 0.057422 0.160417 0.114844 0.318056
1 0.044922 0.565278 0.089844 0.325000
1 0.168750 0.670139 0.128125 0.201389
1 0.283594 0.685417 0.045313 0.131944
1 0.410156 0.587500 0.178125 0.363889
1 0.470313 0.226389 0.118750 0.202778
1 0.657812 0.226389 0.090625 0.161111
1 0.742188 0.268056 0.100000 0.208333
1 0.894922 0.032639 0.049219 0.048611
1 0.669141 0.461806 0.088281 0.234722
1 0.704687 0.666667 0.056250 0.097222
0 0.117969 0.563889 0.114063 0.186111
0 0.323047 0.527083 0.083594 0.206944
0 0.519141 0.480556 0.089844 0.183333
0 0.741797 0.462500 0.092969 0.208333
0 0.925391 0.422222 0.107031 0.180556
1 0.992188 0.285417 0.015625 0.054167
