0 0.029687 0.499306 0.059375 0.159722
0 0.574219 0.631250 0.104687 0.170833
0 0.441016 0.040278 0.063281 0.077778
0 0.673047 0.054861 0.072656 0.104167
0 0.798437 0.642361 0.101562 0.209722
0 0.967578 0.700694 0.064844 0.184722
0 0.948828 0.075000 0.102344 0.125000
1 0.062891 0.294444 0.072656 0.161111
1 0.144531 0.323611 0.064062 0.188889
1 0.176563 0.656944 0.218750 0.241667
1 0.255859 0.486111 0.074219 0.141667
1 0.329688 0.579861 0.046875 0.076389
1 0.369531 0.294444 0.156250 0.272222
1 0.390234 0.156944 0.083594 0.122222
1 0.289062 0.088194 0.057813 0.104167
1 0.530859 0.069444 0.114844 0.119444
1 0.496875 0.579167 0.079687 0.352778
1 0.577734 0.434722 0.078906 0.147222
1 0.686328 0.688194 0.092969 0.162500
1 0.715234 0.278472 0.085156 0.184722
1 0.823047 0.328472 0.107031 0.270833
1 0.916016 0.470833 0.047656 0.136111
