1 0.576563 0.263194 0.071875 0.159722
1 0.590625 0.506944 0.048437 0.105556
1 0.465625 0.520833 0.056250 0.111111
1 0.197266 0.548611 0.125781 0.186111
1 0.066016 0.550000 0.127344 0.186111
1 0.285156 0.040972 0.054688 0.073611
1 0.703125 0.069444 0.090625 0.130556
1 0.819922 0.027083 0.044531 0.034722
1 0.782812 0.494444 0.107813 0.125000
1 0.828125 0.387500 0.051562 0.113889
0 0.069141 0.396528 0.080469 0.168056
0 0.250000 0.356944 0.092188 0.258333
0 0.460547 0.348611 0.091406 0.194444
0 0.846094 0.324306 0.103125 0.204167
