1 0.075000 0.756250 0.106250 0.220833
1 0.285547 0.502083 0.132031 0.154167
1 0.382031 0.912500 0.143750 0.175000
1 0.466016 0.495139 0.082031 0.181944
1 0.548047 0.348611 0.067969 0.091667
1 0.541016 0.174306 0.071094 0.106944
1 0.756641 0.530556 0.083594 0.119444
1 0.930078 0.430556 0.102344 0.238889
1 0.899609 0.755556 0.052344 0.061111
1 0.022656 0.072222 0.045313 0.072222
0 0.142969 0.302778 0.082813 0.213889
0 0.378906 0.350000 0.103125 0.222222
0 0.055859 0.913889 0.108594 0.169444
0 0.248047 0.934722 0.108594 0.127778
0 0.454297 0.930556 0.094531 0.136111
0 0.635547 0.977083 0.064844 0.043056
0 0.820703 0.954861 0.050781 0.087500
0 0.819922 0.440972 0.089844 0.170833
0 0.615625 0.410417 0.109375 0.176389
1 0.391016 0.220833 0.061719 0.055556
