1 0.057031 0.505556 0.057813 0.116667
1 0.180859 0.512500 0.049219 0.105556
1 0.167578 0.254861 0.064844 0.145833
1 0.291406 0.068056 0.076563 0.130556
1 0.408984 0.024306 0.042969 0.037500
1 0.401172 0.490972 0.155469 0.126389
1 0.412500 0.378472 0.040625 0.093056
1 0.691016 0.118750 0.055469 0.054167
1 0.866016 0.045139 0.044531 0.081944
0 0.047656 0.343750 0.090625 0.206944
0 0.442969 0.320833 0.104687 0.194444
0 0.647656 0.277083 0.095312 0.176389
0 0.823828 0.245139 0.102344 0.209722
0 0.990234 0.243056 0.019531 0.122222
