0 0.023438 0.069444 0.043750 0.133333
0 0.033984 0.711111 0.067969 0.180556
0 0.240234 0.677778 0.119531 0.208333
0 0.219141 0.090972 0.092969 0.151389
0 0.449609 0.127083 0.086719 0.173611
0 0.698047 0.159722 0.074219 0.219444
0 0.921484 0.210417 0.083594 0.212500
0 0.456641 0.761806 0.105469 0.170833
0 0.657422 0.752778 0.105469 0.194444
0 0.841797 0.818750 0.121094 0.184722
1 0.135937 0.883333 0.071875 0.119444
1 0.270703 0.906250 0.085156 0.079167
1 0.322656 0.590972 0.079687 0.148611
1 0.480859 0.447222 0.186719 0.316667
1 0.755078 0.375000 0.222656 0.377778
1 0.764453 0.813889 0.097656 0.344444
1 0.885938 0.912500 0.125000 0.172222
1 0.873047 0.104167 0.039844 0.077778
