1 0.112891 0.468056 0.172656 0.291667
1 0.391797 0.388889 0.219531 0.397222
1 0.396484 0.812500 0.102344 0.347222
1 0.514844 0.893750 0.128125 0.206944
1 0.665234 0.971528 0.078906 0.054167
1 0.773438 0.863889 0.121875 0.269444
1 0.856641 0.607639 0.110156 0.206944
1 0.849609 0.266667 0.089844 0.172222
1 0.494922 0.104861 0.044531 0.081944
0 0.078906 0.134028 0.092188 0.184722
0 0.330078 0.167361 0.077344 0.226389
0 0.086719 0.770139 0.095312 0.162500
0 0.287500 0.767361 0.103125 0.190278
0 0.471875 0.811111 0.117188 0.188889
0 0.680078 0.859028 0.091406 0.206944
0 0.872656 0.874306 0.106250 0.173611
0 0.550000 0.212500 0.085938 0.191667
0 0.766406 0.247222 0.110937 0.211111
0 0.952734 0.293056 0.083594 0.205556
