1 0.038281 0.388889 0.076563 0.244444
1 0.112500 0.510417 0.059375 0.120833
1 0.625391 0.325694 0.188281 0.273611
1 0.829687 0.159028 0.059375 0.184722
1 0.933203 0.152778 0.133594 0.297222
1 0.940625 0.572917 0.096875 0.334722
1 0.484375 0.500694 0.087500 0.168056
1 0.467969 0.835417 0.076563 0.118056
1 0.334375 0.838889 0.079687 0.111111
0 0.028125 0.709722 0.056250 0.175000
0 0.193750 0.714583 0.089062 0.190278
0 0.422266 0.604167 0.127344 0.219444
0 0.630859 0.622917 0.107031 0.184722
0 0.827734 0.569444 0.105469 0.205556
0 0.981250 0.563194 0.037500 0.148611
0 0.819141 0.029167 0.060156 0.050000
0 0.577734 0.045833 0.077344 0.075000
0 0.329688 0.063889 0.104687 0.122222
0 0.112500 0.085417 0.110937 0.140278
