1 0.021094 0.370833 0.042188 0.166667
1 0.039062 0.529167 0.071875 0.130556
1 0.124219 0.181944 0.110937 0.202778
1 0.342969 0.379861 0.068750 0.198611
1 0.353516 0.153472 0.038281 0.123611
1 0.135156 0.764583 0.098438 0.415278
1 0.217187 0.574306 0.070312 0.151389
1 0.430078 0.386111 0.142969 0.247222
1 0.542578 0.508333 0.060156 0.130556
1 0.980078 0.303472 0.039844 0.201389
1 0.914062 0.497917 0.082813 0.162500
1 0.888281 0.829861 0.067188 0.093056
1 0.765625 0.843750 0.079687 0.098611
1 0.343750 0.793056 0.092188 0.163889
1 0.308984 0.938194 0.058594 0.059722
1 0.408594 0.021528 0.017188 0.040278
1 0.286719 0.036806 0.046875 0.065278
0 0.049609 0.169444 0.099219 0.205556
0 0.265625 0.143056 0.081250 0.172222
0 0.544531 0.084028 0.110937 0.126389
0 0.760938 0.064583 0.098438 0.129167
0 0.980078 0.043056 0.039844 0.083333
0 0.229297 0.756944 0.113281 0.186111
0 0.448438 0.711111 0.078125 0.183333
0 0.626172 0.715972 0.102344 0.181944
0 0.842578 0.615972 0.133594 0.198611
