1 0.179297 0.223611 0.089844 0.133333
1 0.258984 0.267361 0.096094 0.176389
1 0.025391 0.256250 0.041406 0.098611
1 0.189844 0.456250 0.092188 0.218056
1 0.220703 0.665972 0.030469 0.118056
1 0.560938 0.391667 0.123438 0.350000
1 0.408984 0.031250 0.044531 0.062500
1 0.817578 0.529167 0.167969 0.219444
1 0.950781 0.537500 0.098438 0.202778
0 0.042578 0.500694 0.085156 0.165278
0 0.255078 0.470139 0.097656 0.195833
0 0.437500 0.432639 0.114063 0.204167
0 0.648828 0.372222 0.110156 0.194444
0 0.841016 0.404861 0.096094 0.148611
