0 0.027344 0.150000 0.054688 0.205556
0 0.008984 0.761111 0.017969 0.069444
0 0.150391 0.816667 0.128906 0.166667
0 0.225391 0.222917 0.080469 0.193056
0 0.443750 0.242361 0.112500 0.190278
0 0.358594 0.850694 0.087500 0.226389
0 0.550391 0.869444 0.114844 0.144444
0 0.626172 0.290278 0.092969 0.194444
0 0.857422 0.297917 0.091406 0.215278
0 0.780078 0.913194 0.116406 0.170833
0 0.954687 0.934722 0.090625 0.127778
1 0.094141 0.384028 0.188281 0.376389
1 0.087891 0.802778 0.103906 0.308333
1 0.200781 0.925000 0.109375 0.150000
1 0.533594 0.262500 0.100000 0.152778
1 0.735156 0.050694 0.067188 0.076389
1 0.966797 0.500000 0.057031 0.147222
1 0.731641 0.645833 0.102344 0.113889
1 0.793750 0.734028 0.098438 0.170833
1 0.713672 0.888194 0.108594 0.162500
1 0.449609 0.865972 0.111719 0.265278
1 0.532031 0.595833 0.117188 0.188889
