1 0.480859 0.195833 0.222656 0.197222
1 0.063281 0.290972 0.081250 0.104167
1 0.116016 0.181944 0.060156 0.122222
1 0.267188 0.290278 0.050000 0.069444
1 0.540625 0.048611 0.112500 0.097222
1 0.613281 0.086806 0.054688 0.109722
1 0.749609 0.224306 0.063281 0.090278
1 0.802734 0.108333 0.069531 0.213889
1 0.970312 0.118750 0.059375 0.145833
1 0.950391 0.226389 0.044531 0.066667
1 0.055469 0.117361 0.098438 0.209722
1 0.267578 0.140278 0.166406 0.233333
1 0.878125 0.073611 0.103125 0.138889
1 0.025391 0.066667 0.050781 0.133333
