0 0.016016 0.087500 0.032031 0.169444
0 0.217578 0.122222 0.088281 0.163889
0 0.033203 0.681944 0.066406 0.225000
0 0.223438 0.755556 0.098438 0.169444
0 0.425391 0.761111 0.110156 0.188889
0 0.467187 0.161806 0.068750 0.204167
0 0.688281 0.218056 0.082813 0.205556
0 0.905469 0.249306 0.103125 0.206944
0 0.608594 0.804167 0.117188 0.188889
0 0.818359 0.846528 0.086719 0.198611
0 0.979688 0.848611 0.040625 0.136111
1 0.090234 0.584722 0.072656 0.169444
1 0.037109 0.918056 0.074219 0.100000
1 0.246875 0.459028 0.175000 0.304167
1 0.533984 0.381944 0.211719 0.375000
1 0.530078 0.821528 0.089844 0.354167
1 0.651563 0.913194 0.125000 0.170833
1 0.794922 0.947222 0.072656 0.105556
1 0.914453 0.874306 0.144531 0.248611
1 0.967188 0.604167 0.065625 0.186111
1 0.969141 0.241667 0.061719 0.177778
