0 0.038672 0.368750 0.077344 0.173611
0 0.199219 0.409722 0.107813 0.180556
0 0.434375 0.435417 0.090625 0.193056
0 0.640234 0.463194 0.119531 0.184722
0 0.862500 0.522222 0.153125 0.219444
1 0.050000 0.540278 0.100000 0.083333
1 0.172656 0.181944 0.065625 0.130556
1 0.243750 0.068056 0.075000 0.136111
1 0.323828 0.493750 0.135156 0.212500
1 0.461328 0.606250 0.069531 0.081944
1 0.551172 0.493056 0.099219 0.213889
1 0.648047 0.635417 0.075781 0.120833
1 0.686719 0.228472 0.128125 0.268056
1 0.846875 0.045139 0.070312 0.090278
1 0.954687 0.285417 0.078125 0.168056
1 0.976562 0.626389 0.046875 0.072222
