0 0.888672 0.163194 0.117969 0.198611
0 0.505859 0.811806 0.092969 0.165278
0 0.619141 0.208333 0.091406 0.175000
1 0.532422 0.094444 0.053906 0.091667
1 0.591406 0.099306 0.064062 0.126389
1 0.541016 0.588194 0.071094 0.173611
1 0.625000 0.602083 0.085938 0.201389
1 0.691797 0.902778 0.221094 0.191667
1 0.750000 0.725694 0.078125 0.170833
1 0.825391 0.788194 0.053906 0.131944
1 0.735547 0.316667 0.064844 0.108333
1 0.856641 0.358333 0.086719 0.166667
1 0.844531 0.516667 0.145313 0.277778
1 0.973437 0.746528 0.053125 0.354167
1 0.955469 0.927778 0.037500 0.066667
1 0.959375 0.179167 0.081250 0.188889
1 0.891797 0.032639 0.069531 0.051389
