1 0.030469 0.890972 0.060938 0.106944
1 0.142578 0.914583 0.075781 0.104167
1 0.639063 0.815278 0.096875 0.358333
1 0.758203 0.906944 0.117969 0.183333
1 0.899609 0.968056 0.108594 0.063889
1 0.975781 0.891667 0.048437 0.202778
1 0.192188 0.597222 0.092188 0.144444
1 0.353125 0.459028 0.176563 0.298611
1 0.634766 0.381250 0.210156 0.387500
0 0.091406 0.093056 0.096875 0.166667
0 0.114453 0.679861 0.122656 0.220833
0 0.329688 0.750000 0.098438 0.166667
0 0.323047 0.118750 0.102344 0.170833
0 0.572656 0.164583 0.082813 0.220833
0 0.791797 0.209722 0.092969 0.205556
0 0.975000 0.241667 0.043750 0.211111
0 0.529688 0.763194 0.109375 0.190278
0 0.715625 0.817361 0.114063 0.187500
0 0.927734 0.850694 0.085156 0.201389
