0 0.114453 0.465278 0.116406 0.191667
0 0.331250 0.522222 0.153125 0.241667
0 0.937109 0.627083 0.107031 0.187500
0 0.804688 0.039583 0.065625 0.073611
1 0.182422 0.177083 0.085156 0.179167
1 0.036328 0.500694 0.072656 0.206944
1 0.102734 0.625000 0.060156 0.080556
1 0.177344 0.523611 0.056250 0.130556
1 0.423438 0.284722 0.067188 0.169444
1 0.316406 0.047222 0.073437 0.091667
1 0.507031 0.308333 0.087500 0.211111
1 0.536328 0.654861 0.230469 0.240278
1 0.611328 0.471528 0.088281 0.154167
1 0.645703 0.072222 0.060156 0.122222
1 0.728906 0.266667 0.164062 0.272222
1 0.749219 0.131250 0.076563 0.112500
1 0.887109 0.071528 0.108594 0.118056
1 0.857422 0.571528 0.066406 0.368056
1 0.935547 0.437500 0.080469 0.166667
