0 0.014844 0.249306 0.029687 0.215278
0 0.191016 0.222917 0.117969 0.154167
0 0.367188 0.205556 0.118750 0.175000
0 0.607031 0.172222 0.092188 0.186111
0 0.817578 0.131944 0.116406 0.169444
0 0.976172 0.167361 0.046094 0.193056
1 0.174609 0.099306 0.077344 0.043056
1 0.178906 0.264583 0.212500 0.301389
1 0.496094 0.259722 0.128125 0.158333
1 0.322266 0.031250 0.050781 0.054167
1 0.652734 0.336806 0.067969 0.090278
1 0.735156 0.183333 0.110937 0.250000
1 0.832422 0.306250 0.069531 0.120833
1 0.878516 0.193056 0.072656 0.138889
1 0.852734 0.020139 0.024219 0.034722
