1 0.482031 0.067361 0.053125 0.079167
1 0.267188 0.263889 0.095312 0.155556
1 0.276563 0.606944 0.110937 0.202778
1 0.203125 0.875000 0.123438 0.250000
1 0.510156 0.706944 0.157813 0.269444
1 0.749219 0.497222 0.143750 0.161111
1 0.927344 0.487500 0.078125 0.172222
1 0.980859 0.156250 0.038281 0.090278
1 0.838281 0.894444 0.137500 0.208333
0 0.106641 0.846528 0.077344 0.218056
0 0.187891 0.240972 0.117969 0.193056
0 0.376953 0.288194 0.088281 0.226389
0 0.300391 0.877083 0.108594 0.173611
0 0.523047 0.913194 0.103906 0.173611
0 0.711719 0.931250 0.104687 0.134722
0 0.919922 0.934722 0.092969 0.127778
0 0.605859 0.297222 0.080469 0.202778
0 0.835938 0.338889 0.085938 0.194444
4 0.850781 0.213889 0.060938 0.055556
4 0.991016 0.344444 0.017969 0.108333
