1 0.224609 0.290972 0.067969 0.159722
1 0.303516 0.314583 0.074219 0.204167
1 0.339844 0.656944 0.232812 0.225000
1 0.442578 0.511111 0.144531 0.216667
1 0.510938 0.281250 0.131250 0.240278
1 0.440625 0.062500 0.075000 0.125000
1 0.015625 0.155556 0.031250 0.127778
1 0.120703 0.043750 0.071094 0.084722
1 0.554297 0.135417 0.091406 0.129167
1 0.690625 0.072917 0.115625 0.145833
1 0.652734 0.585417 0.064844 0.393056
1 0.729297 0.438194 0.086719 0.120833
1 0.844531 0.683333 0.089062 0.144444
1 0.878125 0.302778 0.071875 0.219444
1 0.960938 0.331250 0.067188 0.220833
0 0.130078 0.528472 0.153906 0.243056
0 0.737500 0.627778 0.101562 0.191667
0 0.952344 0.643056 0.095312 0.188889
0 0.605859 0.042361 0.074219 0.081944
0 0.830078 0.053472 0.080469 0.106944
