0 0.356641 0.621528 0.103906 0.176389
0 0.550000 0.563194 0.109375 0.198611
0 0.743750 0.559028 0.115625 0.190278
0 0.944141 0.527083 0.092969 0.212500
0 0.540625 0.025694 0.060938 0.048611
0 0.771094 0.019444 0.050000 0.030556
0 0.300000 0.043750 0.079687 0.081944
0 0.055859 0.059722 0.099219 0.105556
0 0.139844 0.597917 0.121875 0.209722
1 0.209375 0.495833 0.079687 0.166667
1 0.057422 0.830556 0.080469 0.119444
1 0.183984 0.813194 0.067969 0.112500
1 0.347656 0.328472 0.196875 0.273611
1 0.550781 0.151389 0.048437 0.202778
1 0.655078 0.162500 0.164844 0.302778
1 0.658594 0.561806 0.090625 0.323611
1 0.793359 0.650000 0.119531 0.247222
1 0.904688 0.684722 0.046875 0.125000
1 0.970703 0.697222 0.058594 0.136111
