1 0.131250 0.158333 0.229687 0.305556
1 0.170312 0.566667 0.098438 0.316667
1 0.294922 0.650000 0.127344 0.247222
1 0.415234 0.679861 0.060156 0.118056
1 0.534375 0.623611 0.159375 0.300000
1 0.602734 0.234028 0.110156 0.218056
1 0.517969 0.475000 0.082813 0.169444
1 0.791016 0.206944 0.097656 0.127778
1 0.877344 0.278472 0.126563 0.226389
1 0.813281 0.461111 0.087500 0.230556
1 0.830078 0.661806 0.035156 0.084722
0 0.055078 0.561111 0.110156 0.194444
0 0.243750 0.553472 0.117188 0.165278
0 0.442969 0.519444 0.085938 0.211111
0 0.641406 0.486806 0.107813 0.170833
0 0.873828 0.476389 0.097656 0.186111
