1 0.042578 0.181250 0.058594 0.120833
1 0.110937 0.079861 0.089062 0.129167
1 0.185156 0.495139 0.123438 0.187500
1 0.327734 0.605556 0.063281 0.091667
1 0.420703 0.461806 0.108594 0.262500
1 0.538672 0.577083 0.124219 0.201389
1 0.566016 0.236111 0.119531 0.294444
1 0.719531 0.040972 0.065625 0.076389
1 0.819531 0.280556 0.079687 0.161111
1 0.908984 0.313889 0.064844 0.208333
1 0.915234 0.620139 0.163281 0.298611
1 0.736328 0.371528 0.046094 0.079167
0 0.064062 0.404861 0.112500 0.176389
0 0.295312 0.440278 0.082813 0.169444
0 0.514063 0.462500 0.112500 0.183333
0 0.727734 0.530556 0.157031 0.225000
