1 0.055469 0.581250 0.100000 0.368056
1 0.131250 0.581944 0.043750 0.086111
1 0.091406 0.061806 0.064062 0.101389
1 0.183203 0.265972 0.163281 0.223611
1 0.192188 0.141667 0.073437 0.130556
1 0.346484 0.079167 0.121094 0.138889
1 0.301953 0.563194 0.071094 0.387500
1 0.380469 0.442361 0.092188 0.156944
1 0.534375 0.275000 0.078125 0.188889
1 0.574219 0.078472 0.032812 0.123611
1 0.633203 0.345139 0.105469 0.276389
1 0.493750 0.686111 0.096875 0.155556
1 0.910937 0.877778 0.075000 0.113889
0 0.257812 0.037500 0.075000 0.072222
0 0.486719 0.055556 0.076563 0.094444
0 0.386328 0.629167 0.108594 0.216667
0 0.614062 0.650694 0.096875 0.195833
0 0.786719 0.702778 0.085938 0.186111
0 0.766406 0.078472 0.114063 0.131944
0 0.965625 0.092361 0.068750 0.145833
0 0.970312 0.709028 0.059375 0.106944
