0 0.176953 0.813889 0.089844 0.163889
0 0.290625 0.206250 0.095312 0.176389
0 0.555859 0.166667 0.122656 0.186111
0 0.785156 0.151389 0.079687 0.175000
0 0.750781 0.763889 0.110937 0.169444
0 0.959375 0.711111 0.081250 0.175000
1 0.200391 0.105556 0.053906 0.091667
1 0.259766 0.099306 0.053906 0.151389
1 0.208594 0.588889 0.075000 0.175000
1 0.288281 0.588889 0.078125 0.219444
1 0.356250 0.899306 0.220313 0.201389
1 0.414453 0.725694 0.091406 0.173611
1 0.489453 0.794444 0.049219 0.094444
1 0.404297 0.321528 0.067969 0.112500
1 0.521875 0.372917 0.092188 0.151389
1 0.516797 0.517361 0.164844 0.270833
1 0.662891 0.771528 0.114844 0.406944
1 0.723828 0.576389 0.080469 0.127778
1 0.652734 0.190278 0.105469 0.205556
1 0.853906 0.376389 0.073437 0.177778
1 0.871094 0.156250 0.051562 0.120833
1 0.946875 0.381944 0.106250 0.280556
1 0.864453 0.797917 0.097656 0.168056
1 0.830469 0.922917 0.057813 0.059722
