0 0.042188 0.316667 0.084375 0.222222
0 0.125000 0.934722 0.110937 0.127778
0 0.331641 0.936806 0.103906 0.123611
0 0.256641 0.344444 0.088281 0.200000
0 0.494922 0.402778 0.100781 0.183333
0 0.704297 0.445833 0.080469 0.183333
0 0.913672 0.475694 0.036719 0.104167
0 0.699219 0.962500 0.039062 0.061111
0 0.519141 0.979167 0.067969 0.038889
1 0.166797 0.508333 0.133594 0.144444
1 0.344922 0.495139 0.067969 0.156944
1 0.410547 0.179861 0.089844 0.093056
1 0.431250 0.352778 0.071875 0.102778
1 0.267578 0.218750 0.064844 0.051389
1 0.262500 0.908333 0.140625 0.183333
1 0.633203 0.529861 0.077344 0.131944
1 0.800781 0.409722 0.092188 0.255556
1 0.780859 0.760417 0.050781 0.065278
