1 0.930469 0.396528 0.139062 0.331944
1 0.352344 0.218750 0.117188 0.198611
1 0.543359 0.215278 0.082031 0.119444
1 0.621484 0.271528 0.099219 0.176389
1 0.057031 0.665972 0.114063 0.215278
1 0.164062 0.678472 0.056250 0.112500
1 0.288672 0.615278 0.164844 0.294444
1 0.553906 0.455556 0.089062 0.186111
1 0.583594 0.663194 0.032812 0.109722
0 0.025000 0.554167 0.050000 0.200000
0 0.203906 0.522917 0.095312 0.193056
0 0.399609 0.484722 0.107031 0.172222
0 0.620703 0.463194 0.092969 0.193056
0 0.808203 0.434028 0.105469 0.187500
0 0.977344 0.382639 0.045313 0.165278
1 0.768359 0.029167 0.036719 0.052778
