1 0.289062 0.066667 0.054688 0.072222
1 0.083984 0.267361 0.103906 0.162500
1 0.089844 0.615278 0.115625 0.216667
1 0.034375 0.874306 0.068750 0.231944
1 0.311719 0.718750 0.170312 0.259722
1 0.558203 0.504167 0.136719 0.130556
1 0.658594 0.215972 0.064062 0.059722
1 0.801953 0.163194 0.085156 0.115278
1 0.819141 0.343056 0.072656 0.083333
1 0.733594 0.495139 0.078125 0.162500
1 0.650781 0.902778 0.140625 0.194444
0 0.027734 0.264583 0.055469 0.145833
0 0.107031 0.881944 0.107813 0.191667
0 0.181641 0.297222 0.089844 0.208333
0 0.407422 0.299306 0.091406 0.209722
0 0.332031 0.915972 0.109375 0.165278
0 0.516406 0.927778 0.110937 0.141667
0 0.643750 0.343056 0.089062 0.197222
0 0.893359 0.416667 0.075781 0.175000
0 0.726953 0.929861 0.105469 0.137500
0 0.904688 0.978472 0.073437 0.040278
