1 0.541016 0.503472 0.133594 0.220833
1 0.391797 0.195139 0.063281 0.123611
1 0.458594 0.075694 0.089062 0.145833
1 0.932031 0.179861 0.078125 0.165278
1 0.888281 0.286111 0.096875 0.175000
1 0.771484 0.498611 0.103906 0.233333
1 0.679688 0.607639 0.076563 0.095833
1 0.866797 0.631944 0.083594 0.094444
1 0.925781 0.538194 0.064062 0.129167
1 0.220703 0.401389 0.196094 0.375000
0 0.040234 0.315278 0.078906 0.244444
0 0.235156 0.380556 0.117188 0.163889
0 0.416797 0.406250 0.102344 0.170833
0 0.652344 0.444444 0.089062 0.191667
0 0.860156 0.470139 0.106250 0.154167
