0 0.010547 0.423611 0.021094 0.080556
0 0.155469 0.350694 0.084375 0.240278
0 0.362109 0.352083 0.086719 0.195833
0 0.752734 0.328472 0.105469 0.195833
0 0.955859 0.279167 0.088281 0.158333
1 0.016016 0.602778 0.032031 0.086111
1 0.100391 0.546528 0.133594 0.195833
1 0.369922 0.511806 0.052344 0.112500
1 0.478906 0.263889 0.067188 0.163889
1 0.496484 0.512500 0.049219 0.094444
1 0.601562 0.065278 0.082813 0.125000
1 0.720703 0.021528 0.038281 0.040278
1 0.696484 0.495139 0.130469 0.129167
1 0.729297 0.376389 0.060156 0.100000
1 0.986328 0.112500 0.025781 0.058333
