1 0.065625 0.279167 0.092188 0.172222
1 0.128125 0.168056 0.096875 0.183333
1 0.047266 0.613889 0.085156 0.119444
1 0.105078 0.529861 0.055469 0.129167
1 0.352734 0.292361 0.066406 0.190278
1 0.230469 0.036806 0.046875 0.068056
1 0.568750 0.069444 0.062500 0.127778
1 0.435156 0.304167 0.060938 0.205556
1 0.467187 0.654167 0.217187 0.208333
1 0.541797 0.474306 0.086719 0.151389
1 0.606250 0.578472 0.057813 0.118056
1 0.657422 0.289583 0.160156 0.256944
1 0.674609 0.150694 0.077344 0.148611
1 0.720703 0.746528 0.035156 0.098611
1 0.776563 0.695833 0.065625 0.091667
1 0.780078 0.534722 0.069531 0.236111
1 0.859766 0.427778 0.094531 0.138889
1 0.821484 0.069444 0.124219 0.138889
1 0.989453 0.293750 0.021094 0.123611
1 0.936719 0.334722 0.064062 0.080556
1 0.964063 0.681250 0.071875 0.148611
1 0.937109 0.811806 0.069531 0.073611
0 0.049219 0.457639 0.098438 0.198611
0 0.257812 0.514583 0.162500 0.234722
0 0.859766 0.625694 0.110156 0.179167
0 0.732813 0.039583 0.059375 0.070833
0 0.960547 0.056944 0.078906 0.097222
