1 0.244531 0.180556 0.090625 0.094444
1 0.105469 0.220139 0.059375 0.040278
1 0.035937 0.518056 0.071875 0.102778
1 0.182812 0.497917 0.070312 0.162500
1 0.269922 0.350000 0.060156 0.094444
1 0.100391 0.910417 0.130469 0.179167
1 0.470703 0.529167 0.085156 0.122222
1 0.641797 0.426389 0.097656 0.261111
1 0.617188 0.764583 0.048437 0.062500
1 0.987500 0.931944 0.025000 0.108333
1 0.087891 0.348611 0.088281 0.197222
1 0.333203 0.418750 0.096094 0.173611
1 0.541406 0.449306 0.078125 0.181944
1 0.748828 0.475694 0.027344 0.084722
1 0.950781 0.570833 0.098438 0.194444
1 0.530469 0.964583 0.045313 0.068056
1 0.359766 0.979861 0.053906 0.037500
1 0.170703 0.937500 0.102344 0.122222
1 0.007422 0.943750 0.014844 0.062500
