1 0.034375 0.481944 0.068750 0.230556
1 0.068359 0.904167 0.136719 0.191667
1 0.416016 0.603472 0.113281 0.220833
1 0.411328 0.260417 0.100781 0.176389
1 0.617578 0.061806 0.055469 0.070833
1 0.886328 0.504167 0.121094 0.161111
1 0.605859 0.657639 0.080469 0.145833
1 0.676562 0.733333 0.100000 0.194444
1 0.593359 0.901389 0.105469 0.194444
1 0.333203 0.875000 0.124219 0.247222
1 0.956641 0.909028 0.086719 0.179167
0 0.112109 0.225000 0.092969 0.202778
0 0.048047 0.826389 0.096094 0.180556
0 0.244531 0.861111 0.079687 0.222222
0 0.330859 0.247917 0.102344 0.201389
0 0.504687 0.290278 0.098438 0.197222
0 0.432813 0.865972 0.106250 0.179167
0 0.743750 0.292361 0.081250 0.220833
0 0.661719 0.913194 0.107813 0.170833
0 0.842969 0.931250 0.112500 0.134722
0 0.964453 0.336806 0.066406 0.193056
