1 0.419922 0.330556 0.186719 0.255556
1 0.554688 0.477778 0.048437 0.122222
1 0.044922 0.243750 0.089844 0.329167
1 0.127734 0.586806 0.078906 0.370833
1 0.218359 0.439583 0.085156 0.148611
1 0.180078 0.072222 0.125781 0.127778
1 0.323828 0.700694 0.086719 0.151389
1 0.730078 0.880556 0.077344 0.105556
1 0.864453 0.903472 0.071094 0.120833
1 0.923047 0.576389 0.085156 0.158333
0 0.218750 0.629861 0.098438 0.187500
0 0.444922 0.652778 0.091406 0.177778
0 0.618359 0.699306 0.083594 0.176389
0 0.836328 0.677083 0.121094 0.215278
0 0.815234 0.093056 0.096094 0.155556
0 0.596875 0.068056 0.104687 0.130556
0 0.314844 0.059722 0.071875 0.108333
1 0.401953 0.073611 0.044531 0.105556
